"ring","tmt","id","year","diam","cones"
1,"AMB",1,1998,19.4,0
1,"AMB",1,1999,19.4,0
1,"AMB",1,2000,19.4,0
1,"AMB",2,1998,14.1,0
1,"AMB",2,1999,14.1,0
1,"AMB",2,2000,14.1,4
1,"AMB",3,1998,19.4,0
1,"AMB",3,1999,19.4,6
1,"AMB",3,2000,19.4,0
1,"AMB",4,1998,21.6,0
1,"AMB",4,1999,21.6,0
1,"AMB",4,2000,21.6,0
1,"AMB",5,1998,10.8,0
1,"AMB",5,1999,10.8,0
1,"AMB",5,2000,10.8,0
1,"AMB",6,1998,19.8,0
1,"AMB",6,1999,19.8,0
1,"AMB",6,2000,19.8,0
1,"AMB",7,1998,6.1,0
1,"AMB",7,1999,6.1,0
1,"AMB",7,2000,6.1,0
1,"AMB",8,1998,15.5,0
1,"AMB",8,1999,15.5,0
1,"AMB",8,2000,15.5,0
1,"AMB",9,1998,16.1,0
1,"AMB",9,1999,16.1,0
1,"AMB",9,2000,16.1,0
1,"AMB",10,1998,5.8,0
1,"AMB",10,1999,5.8,0
1,"AMB",10,2000,5.8,0
1,"AMB",11,1998,7.3,0
1,"AMB",11,1999,7.3,0
1,"AMB",11,2000,7.3,0
1,"AMB",12,1998,17.3,0
1,"AMB",12,1999,17.3,0
1,"AMB",12,2000,17.3,0
1,"AMB",13,1998,7.7,0
1,"AMB",13,1999,7.7,0
1,"AMB",13,2000,7.7,0
1,"AMB",14,1998,18.6,0
1,"AMB",14,1999,18.6,4
1,"AMB",14,2000,18.6,2
1,"AMB",15,1998,8,0
1,"AMB",15,1999,8,0
1,"AMB",15,2000,8,0
1,"AMB",16,1998,10.8,0
1,"AMB",16,1999,10.8,0
1,"AMB",16,2000,10.8,0
1,"AMB",17,1998,14,0
1,"AMB",17,1999,14,0
1,"AMB",17,2000,14,2
1,"AMB",18,1998,19,0
1,"AMB",18,1999,19,2
1,"AMB",18,2000,19,8
1,"AMB",19,1998,3.4,0
1,"AMB",19,1999,3.4,0
1,"AMB",19,2000,3.4,0
1,"AMB",20,1998,16.3,0
1,"AMB",20,1999,16.3,0
1,"AMB",20,2000,16.3,0
1,"AMB",21,1998,15.6,0
1,"AMB",21,1999,15.6,0
1,"AMB",21,2000,15.6,0
1,"AMB",22,1998,4.4,0
1,"AMB",22,1999,4.4,0
1,"AMB",22,2000,4.4,0
1,"AMB",23,1998,16.5,0
1,"AMB",23,1999,16.5,0
1,"AMB",23,2000,16.5,3
1,"AMB",24,1998,16.2,0
1,"AMB",24,1999,16.2,0
1,"AMB",24,2000,16.2,8
1,"AMB",25,1998,21.6,0
1,"AMB",25,1999,21.6,3
1,"AMB",25,2000,21.6,1
1,"AMB",26,1998,18.8,0
1,"AMB",26,1999,18.8,0
1,"AMB",26,2000,18.8,0
1,"AMB",27,1998,19.1,0
1,"AMB",27,1999,19.1,0
1,"AMB",27,2000,19.1,3
1,"AMB",28,1998,15.5,0
1,"AMB",28,1999,15.5,0
1,"AMB",28,2000,15.5,0
1,"AMB",29,1998,9.3,0
1,"AMB",29,1999,9.3,0
1,"AMB",29,2000,9.3,0
1,"AMB",30,1998,6,0
1,"AMB",30,1999,6,0
1,"AMB",30,2000,6,0
1,"AMB",31,1998,11.7,0
1,"AMB",31,1999,11.7,0
1,"AMB",31,2000,11.7,0
1,"AMB",32,1998,24.3,0
1,"AMB",32,1999,24.3,12
1,"AMB",32,2000,24.3,15
1,"AMB",33,1998,21.5,0
1,"AMB",33,1999,21.5,10
1,"AMB",33,2000,21.5,12
1,"AMB",34,1998,3.5,0
1,"AMB",34,1999,3.5,0
1,"AMB",34,2000,3.5,0
1,"AMB",35,1998,3,0
1,"AMB",35,1999,3,0
1,"AMB",35,2000,3,0
1,"AMB",36,1998,14.2,0
1,"AMB",36,1999,14.2,0
1,"AMB",36,2000,14.2,0
1,"AMB",37,1998,10.2,0
1,"AMB",37,1999,10.2,0
1,"AMB",37,2000,10.2,0
1,"AMB",38,1998,12.2,0
1,"AMB",38,1999,12.2,0
1,"AMB",38,2000,12.2,0
1,"AMB",39,1998,9.3,0
1,"AMB",39,1999,9.3,0
1,"AMB",39,2000,9.3,0
1,"AMB",40,1998,15.4,0
1,"AMB",40,1999,15.4,0
1,"AMB",40,2000,15.4,0
1,"AMB",41,1998,19.8,0
1,"AMB",41,1999,19.8,0
1,"AMB",41,2000,19.8,0
1,"AMB",42,1998,11.3,0
1,"AMB",42,1999,11.3,0
1,"AMB",42,2000,11.3,0
1,"AMB",43,1998,21.4,0
1,"AMB",43,1999,21.4,0
1,"AMB",43,2000,21.4,0
1,"AMB",44,1998,18.9,0
1,"AMB",44,1999,18.9,0
1,"AMB",44,2000,18.9,0
1,"AMB",45,1998,12.7,0
1,"AMB",45,1999,12.7,0
1,"AMB",45,2000,12.7,0
1,"AMB",46,1998,21.1,0
1,"AMB",46,1999,21.1,2
1,"AMB",46,2000,21.1,15
1,"AMB",47,1998,22.3,0
1,"AMB",47,1999,22.3,0
1,"AMB",47,2000,22.3,0
1,"AMB",48,1998,12.7,0
1,"AMB",48,1999,12.7,0
1,"AMB",48,2000,12.7,0
1,"AMB",49,1998,6.7,0
1,"AMB",49,1999,6.7,0
1,"AMB",49,2000,6.7,0
1,"AMB",50,1998,13.1,0
1,"AMB",50,1999,13.1,0
1,"AMB",50,2000,13.1,0
1,"AMB",51,1998,15.3,0
1,"AMB",51,1999,15.3,0
1,"AMB",51,2000,15.3,0
1,"AMB",52,1998,19.5,0
1,"AMB",52,1999,19.5,0
1,"AMB",52,2000,19.5,4
1,"AMB",53,1998,19.4,0
1,"AMB",53,1999,19.4,0
1,"AMB",53,2000,19.4,0
1,"AMB",54,1998,12.6,0
1,"AMB",54,1999,12.6,0
1,"AMB",54,2000,12.6,0
1,"AMB",55,1998,17.7,0
1,"AMB",55,1999,17.7,4
1,"AMB",55,2000,17.7,0
1,"AMB",56,1998,15.8,0
1,"AMB",56,1999,15.8,0
1,"AMB",56,2000,15.8,0
1,"AMB",57,1998,20.3,0
1,"AMB",57,1999,20.3,0
1,"AMB",57,2000,20.3,0
1,"AMB",58,1998,4.3,0
1,"AMB",58,1999,4.3,0
1,"AMB",58,2000,4.3,0
1,"AMB",59,1998,7.6,0
1,"AMB",59,1999,7.6,0
1,"AMB",59,2000,7.6,0
1,"AMB",60,1998,6.5,0
1,"AMB",60,1999,6.5,0
1,"AMB",60,2000,6.5,0
1,"AMB",61,1998,15.7,0
1,"AMB",61,1999,15.7,0
1,"AMB",61,2000,15.7,0
1,"AMB",62,1998,17.1,0
1,"AMB",62,1999,17.1,2
1,"AMB",62,2000,17.1,0
1,"AMB",63,1998,17.5,0
1,"AMB",63,1999,17.5,2
1,"AMB",63,2000,17.5,0
1,"AMB",64,1998,17.9,0
1,"AMB",64,1999,17.9,0
1,"AMB",64,2000,17.9,2
1,"AMB",65,1998,5.2,0
1,"AMB",65,1999,5.2,0
1,"AMB",65,2000,5.2,0
1,"AMB",66,1998,14.8,0
1,"AMB",66,1999,14.8,0
1,"AMB",66,2000,14.8,0
1,"AMB",67,1998,15.5,0
1,"AMB",67,1999,15.5,0
1,"AMB",67,2000,15.5,0
1,"AMB",68,1998,7.7,0
1,"AMB",68,1999,7.7,0
1,"AMB",68,2000,7.7,0
1,"AMB",69,1998,21.9,0
1,"AMB",69,1999,21.9,9
1,"AMB",69,2000,21.9,20
1,"AMB",70,1998,4.8,0
1,"AMB",70,1999,4.8,0
1,"AMB",70,2000,4.8,0
1,"AMB",71,1998,5.6,0
1,"AMB",71,1999,5.6,0
1,"AMB",71,2000,5.6,0
1,"AMB",72,1998,22.3,0
1,"AMB",72,1999,22.3,0
1,"AMB",72,2000,22.3,0
1,"AMB",73,1998,11.5,0
1,"AMB",73,1999,11.5,0
1,"AMB",73,2000,11.5,0
1,"AMB",74,1998,22.3,0
1,"AMB",74,1999,22.3,0
1,"AMB",74,2000,22.3,2
1,"AMB",75,1998,13.2,0
1,"AMB",75,1999,13.2,0
1,"AMB",75,2000,13.2,0
1,"AMB",76,1998,23.8,0
1,"AMB",76,1999,23.8,10
1,"AMB",76,2000,23.8,14
1,"AMB",77,1998,6.5,0
1,"AMB",77,1999,6.5,0
1,"AMB",77,2000,6.5,0
1,"AMB",78,1998,19.4,0
1,"AMB",78,1999,19.4,0
1,"AMB",78,2000,19.4,5
1,"AMB",79,1998,18.5,0
1,"AMB",79,1999,18.5,0
1,"AMB",79,2000,18.5,0
1,"AMB",80,1998,17.3,0
1,"AMB",80,1999,17.3,3
1,"AMB",80,2000,17.3,0
1,"AMB",81,1998,12.6,0
1,"AMB",81,1999,12.6,0
1,"AMB",81,2000,12.6,0
1,"AMB",82,1998,6.2,0
1,"AMB",82,1999,6.2,0
1,"AMB",82,2000,6.2,0
1,"AMB",83,1998,17.2,0
1,"AMB",83,1999,17.2,0
1,"AMB",83,2000,17.2,0
1,"AMB",84,1998,14.1,0
1,"AMB",84,1999,14.1,0
1,"AMB",84,2000,14.1,0
1,"AMB",85,1998,20.5,0
1,"AMB",85,1999,20.5,0
1,"AMB",85,2000,20.5,0
1,"AMB",86,1998,6.4,0
1,"AMB",86,1999,6.4,0
1,"AMB",86,2000,6.4,0
1,"AMB",87,1998,21.2,0
1,"AMB",87,1999,21.2,0
1,"AMB",87,2000,21.2,1
1,"AMB",88,1998,16.5,0
1,"AMB",88,1999,16.5,0
1,"AMB",88,2000,16.5,0
1,"AMB",89,1998,11.2,0
1,"AMB",89,1999,11.2,0
1,"AMB",89,2000,11.2,0
1,"AMB",90,1998,10.4,0
1,"AMB",90,1999,10.4,0
1,"AMB",90,2000,10.4,0
1,"AMB",91,1998,23.1,0
1,"AMB",91,1999,23.1,0
1,"AMB",91,2000,23.1,1
1,"AMB",92,1998,15.3,0
1,"AMB",92,1999,15.3,0
1,"AMB",92,2000,15.3,0
1,"AMB",93,1998,22.2,0
1,"AMB",93,1999,22.2,5
1,"AMB",93,2000,22.2,0
1,"AMB",94,1998,18.7,0
1,"AMB",94,1999,18.7,3
1,"AMB",94,2000,18.7,2
1,"AMB",95,1998,14.1,0
1,"AMB",95,1999,14.1,0
1,"AMB",95,2000,14.1,0
1,"AMB",96,1998,3.1,0
1,"AMB",96,1999,3.1,0
1,"AMB",96,2000,3.1,0
2,"CO2",97,1998,20.9,0
2,"CO2",97,1999,20.9,59
2,"CO2",97,2000,20.9,43
2,"CO2",98,1998,13.6,0
2,"CO2",98,1999,13.6,0
2,"CO2",98,2000,13.6,0
2,"CO2",99,1998,15.7,0
2,"CO2",99,1999,15.7,0
2,"CO2",99,2000,15.7,4
2,"CO2",100,1998,6.3,0
2,"CO2",100,1999,6.3,0
2,"CO2",100,2000,6.3,0
2,"CO2",101,1998,2.7,0
2,"CO2",101,1999,2.7,0
2,"CO2",101,2000,2.7,0
2,"CO2",102,1998,25.6,0
2,"CO2",102,1999,25.6,9
2,"CO2",102,2000,25.6,0
2,"CO2",103,1998,4,0
2,"CO2",103,1999,4,0
2,"CO2",103,2000,4,0
2,"CO2",104,1998,20.9,1
2,"CO2",104,1999,20.9,14
2,"CO2",104,2000,20.9,2
2,"CO2",105,1998,7.8,0
2,"CO2",105,1999,7.8,0
2,"CO2",105,2000,7.8,0
2,"CO2",106,1998,27.1,0
2,"CO2",106,1999,27.1,0
2,"CO2",106,2000,27.1,0
2,"CO2",107,1998,25.2,1
2,"CO2",107,1999,25.2,6
2,"CO2",107,2000,25.2,2
2,"CO2",108,1998,19,0
2,"CO2",108,1999,19,0
2,"CO2",108,2000,19,0
2,"CO2",109,1998,17.8,0
2,"CO2",109,1999,17.8,0
2,"CO2",109,2000,17.8,0
2,"CO2",110,1998,22.8,0
2,"CO2",110,1999,22.8,26
2,"CO2",110,2000,22.8,4
2,"CO2",111,1998,12.5,0
2,"CO2",111,1999,12.5,2
2,"CO2",111,2000,12.5,0
2,"CO2",112,1998,21.1,0
2,"CO2",112,1999,21.1,21
2,"CO2",112,2000,21.1,17
2,"CO2",113,1998,22,0
2,"CO2",113,1999,22,0
2,"CO2",113,2000,22,0
2,"CO2",114,1998,22.4,0
2,"CO2",114,1999,22.4,1
2,"CO2",114,2000,22.4,0
2,"CO2",115,1998,5.1,0
2,"CO2",115,1999,5.1,0
2,"CO2",115,2000,5.1,0
2,"CO2",116,1998,16,0
2,"CO2",116,1999,16,0
2,"CO2",116,2000,16,0
2,"CO2",117,1998,20.7,0
2,"CO2",117,1999,20.7,0
2,"CO2",117,2000,20.7,0
2,"CO2",118,1998,15.7,0
2,"CO2",118,1999,15.7,0
2,"CO2",118,2000,15.7,0
2,"CO2",119,1998,5.5,0
2,"CO2",119,1999,5.5,0
2,"CO2",119,2000,5.5,0
2,"CO2",120,1998,18.9,0
2,"CO2",120,1999,18.9,0
2,"CO2",120,2000,18.9,0
2,"CO2",121,1998,22.9,0
2,"CO2",121,1999,22.9,1
2,"CO2",121,2000,22.9,0
2,"CO2",122,1998,15.5,0
2,"CO2",122,1999,15.5,0
2,"CO2",122,2000,15.5,0
2,"CO2",123,1998,18.6,0
2,"CO2",123,1999,18.6,0
2,"CO2",123,2000,18.6,3
2,"CO2",124,1998,19.3,0
2,"CO2",124,1999,19.3,0
2,"CO2",124,2000,19.3,0
2,"CO2",125,1998,14.2,0
2,"CO2",125,1999,14.2,4
2,"CO2",125,2000,14.2,0
2,"CO2",126,1998,12.3,0
2,"CO2",126,1999,12.3,0
2,"CO2",126,2000,12.3,0
2,"CO2",127,1998,11.8,0
2,"CO2",127,1999,11.8,2
2,"CO2",127,2000,11.8,0
2,"CO2",128,1998,26.8,0
2,"CO2",128,1999,26.8,0
2,"CO2",128,2000,26.8,0
2,"CO2",129,1998,17,0
2,"CO2",129,1999,17,0
2,"CO2",129,2000,17,0
2,"CO2",130,1998,5.7,0
2,"CO2",130,1999,5.7,0
2,"CO2",130,2000,5.7,0
2,"CO2",131,1998,12,0
2,"CO2",131,1999,12,0
2,"CO2",131,2000,12,0
2,"CO2",132,1998,19.8,0
2,"CO2",132,1999,19.8,29
2,"CO2",132,2000,19.8,6
2,"CO2",133,1998,19,1
2,"CO2",133,1999,19,2
2,"CO2",133,2000,19,6
2,"CO2",134,1998,23.6,4
2,"CO2",134,1999,23.6,0
2,"CO2",134,2000,23.6,0
2,"CO2",135,1998,19.9,0
2,"CO2",135,1999,19.9,0
2,"CO2",135,2000,19.9,20
2,"CO2",136,1998,8.4,0
2,"CO2",136,1999,8.4,0
2,"CO2",136,2000,8.4,0
2,"CO2",137,1998,22,0
2,"CO2",137,1999,22,4
2,"CO2",137,2000,22,40
2,"CO2",138,1998,18.1,0
2,"CO2",138,1999,18.1,0
2,"CO2",138,2000,18.1,0
2,"CO2",139,1998,21.6,0
2,"CO2",139,1999,21.6,8
2,"CO2",139,2000,21.6,3
2,"CO2",140,1998,17,0
2,"CO2",140,1999,17,0
2,"CO2",140,2000,17,0
2,"CO2",141,1998,12.4,0
2,"CO2",141,1999,12.4,0
2,"CO2",141,2000,12.4,0
2,"CO2",142,1998,2.9,0
2,"CO2",142,1999,2.9,0
2,"CO2",142,2000,2.9,0
2,"CO2",143,1998,22.6,0
2,"CO2",143,1999,22.6,1
2,"CO2",143,2000,22.6,1
2,"CO2",144,1998,20.8,0
2,"CO2",144,1999,20.8,14
2,"CO2",144,2000,20.8,27
2,"CO2",145,1998,18.2,0
2,"CO2",145,1999,18.2,0
2,"CO2",145,2000,18.2,4
2,"CO2",146,1998,14.2,0
2,"CO2",146,1999,14.2,0
2,"CO2",146,2000,14.2,0
2,"CO2",147,1998,17.3,0
2,"CO2",147,1999,17.3,11
2,"CO2",147,2000,17.3,0
2,"CO2",148,1998,14.5,0
2,"CO2",148,1999,14.5,0
2,"CO2",148,2000,14.5,14
2,"CO2",149,1998,8.6,0
2,"CO2",149,1999,8.6,0
2,"CO2",149,2000,8.6,0
2,"CO2",150,1998,9.1,0
2,"CO2",150,1999,9.1,0
2,"CO2",150,2000,9.1,0
2,"CO2",151,1998,2.6,0
2,"CO2",151,1999,2.6,0
2,"CO2",151,2000,2.6,0
2,"CO2",152,1998,19.8,0
2,"CO2",152,1999,19.8,2
2,"CO2",152,2000,19.8,0
2,"CO2",153,1998,20,0
2,"CO2",153,1999,20,20
2,"CO2",153,2000,20,23
2,"CO2",154,1998,22.2,0
2,"CO2",154,1999,22.2,5
2,"CO2",154,2000,22.2,0
2,"CO2",155,1998,10.2,0
2,"CO2",155,1999,10.2,0
2,"CO2",155,2000,10.2,0
2,"CO2",156,1998,12.9,0
2,"CO2",156,1999,12.9,0
2,"CO2",156,2000,12.9,0
2,"CO2",157,1998,20.9,0
2,"CO2",157,1999,20.9,1
2,"CO2",157,2000,20.9,0
2,"CO2",158,1998,21.1,0
2,"CO2",158,1999,21.1,6
2,"CO2",158,2000,21.1,4
2,"CO2",159,1998,7.3,0
2,"CO2",159,1999,7.3,0
2,"CO2",159,2000,7.3,0
2,"CO2",160,1998,5.8,0
2,"CO2",160,1999,5.8,0
2,"CO2",160,2000,5.8,0
2,"CO2",161,1998,23.1,0
2,"CO2",161,1999,23.1,1
2,"CO2",161,2000,23.1,44
2,"CO2",162,1998,17,0
2,"CO2",162,1999,17,7
2,"CO2",162,2000,17,0
2,"CO2",163,1998,21.5,0
2,"CO2",163,1999,21.5,4
2,"CO2",163,2000,21.5,5
2,"CO2",164,1998,10.1,0
2,"CO2",164,1999,10.1,0
2,"CO2",164,2000,10.1,0
2,"CO2",165,1998,18.4,0
2,"CO2",165,1999,18.4,0
2,"CO2",165,2000,18.4,1
2,"CO2",166,1998,22.6,0
2,"CO2",166,1999,22.6,0
2,"CO2",166,2000,22.6,7
2,"CO2",167,1998,21.2,0
2,"CO2",167,1999,21.2,0
2,"CO2",167,2000,21.2,4
3,"CO2",168,1998,21.5,0
3,"CO2",168,1999,21.5,0
3,"CO2",168,2000,21.5,0
3,"CO2",169,1998,22.4,0
3,"CO2",169,1999,22.4,1
3,"CO2",169,2000,22.4,6
3,"CO2",170,1998,17.3,0
3,"CO2",170,1999,17.3,0
3,"CO2",170,2000,17.3,0
3,"CO2",171,1998,16,0
3,"CO2",171,1999,16,0
3,"CO2",171,2000,16,0
3,"CO2",172,1998,25,0
3,"CO2",172,1999,25,25
3,"CO2",172,2000,25,27
3,"CO2",173,1998,22.4,0
3,"CO2",173,1999,22.4,0
3,"CO2",173,2000,22.4,0
3,"CO2",174,1998,23.9,0
3,"CO2",174,1999,23.9,0
3,"CO2",174,2000,23.9,0
3,"CO2",175,1998,23,0
3,"CO2",175,1999,23,0
3,"CO2",175,2000,23,0
3,"CO2",176,1998,21.9,0
3,"CO2",176,1999,21.9,0
3,"CO2",176,2000,21.9,1
3,"CO2",177,1998,19,0
3,"CO2",177,1999,19,3
3,"CO2",177,2000,19,17
3,"CO2",178,1998,28.6,0
3,"CO2",178,1999,28.6,30
3,"CO2",178,2000,28.6,37
3,"CO2",179,1998,16,0
3,"CO2",179,1999,16,0
3,"CO2",179,2000,16,0
3,"CO2",180,1998,22.5,0
3,"CO2",180,1999,22.5,1
3,"CO2",180,2000,22.5,0
3,"CO2",181,1998,23.2,0
3,"CO2",181,1999,23.2,1
3,"CO2",181,2000,23.2,0
3,"CO2",182,1998,8.7,0
3,"CO2",182,1999,8.7,0
3,"CO2",182,2000,8.7,0
3,"CO2",183,1998,23.4,0
3,"CO2",183,1999,23.4,0
3,"CO2",183,2000,23.4,0
3,"CO2",184,1998,15.3,0
3,"CO2",184,1999,15.3,0
3,"CO2",184,2000,15.3,0
3,"CO2",185,1998,25.6,0
3,"CO2",185,1999,25.6,16
3,"CO2",185,2000,25.6,13
3,"CO2",186,1998,19.2,0
3,"CO2",186,1999,19.2,6
3,"CO2",186,2000,19.2,5
3,"CO2",187,1998,17.4,0
3,"CO2",187,1999,17.4,0
3,"CO2",187,2000,17.4,1
3,"CO2",188,1998,23.8,0
3,"CO2",188,1999,23.8,6
3,"CO2",188,2000,23.8,12
3,"CO2",189,1998,20.4,0
3,"CO2",189,1999,20.4,0
3,"CO2",189,2000,20.4,0
3,"CO2",190,1998,19,0
3,"CO2",190,1999,19,4
3,"CO2",190,2000,19,10
3,"CO2",191,1998,3.6,0
3,"CO2",191,1999,3.6,0
3,"CO2",191,2000,3.6,0
3,"CO2",192,1998,23.4,0
3,"CO2",192,1999,23.4,11
3,"CO2",192,2000,23.4,5
3,"CO2",193,1998,19.6,0
3,"CO2",193,1999,19.6,0
3,"CO2",193,2000,19.6,1
3,"CO2",194,1998,17.5,0
3,"CO2",194,1999,17.5,0
3,"CO2",194,2000,17.5,0
3,"CO2",195,1998,16.5,0
3,"CO2",195,1999,16.5,0
3,"CO2",195,2000,16.5,0
3,"CO2",196,1998,22,2
3,"CO2",196,1999,22,30
3,"CO2",196,2000,22,31
3,"CO2",197,1998,19.7,0
3,"CO2",197,1999,19.7,0
3,"CO2",197,2000,19.7,0
3,"CO2",198,1998,7.35,0
3,"CO2",198,1999,7.35,0
3,"CO2",198,2000,7.35,0
3,"CO2",199,1998,18,0
3,"CO2",199,1999,18,0
3,"CO2",199,2000,18,0
3,"CO2",200,1998,17.8,0
3,"CO2",200,1999,17.8,0
3,"CO2",200,2000,17.8,0
3,"CO2",201,1998,9.6,0
3,"CO2",201,1999,9.6,0
3,"CO2",201,2000,9.6,0
3,"CO2",202,1998,15,0
3,"CO2",202,1999,15,0
3,"CO2",202,2000,15,0
3,"CO2",203,1998,12,0
3,"CO2",203,1999,12,0
3,"CO2",203,2000,12,0
3,"CO2",204,1998,17.7,0
3,"CO2",204,1999,17.7,0
3,"CO2",204,2000,17.7,7
3,"CO2",205,1998,21.4,0
3,"CO2",205,1999,21.4,0
3,"CO2",205,2000,21.4,0
3,"CO2",206,1998,17,0
3,"CO2",206,1999,17,0
3,"CO2",206,2000,17,0
3,"CO2",207,1998,22.1,0
3,"CO2",207,1999,22.1,0
3,"CO2",207,2000,22.1,0
3,"CO2",208,1998,18.9,0
3,"CO2",208,1999,18.9,0
3,"CO2",208,2000,18.9,0
3,"CO2",209,1998,15.05,0
3,"CO2",209,1999,15.05,0
3,"CO2",209,2000,15.05,0
3,"CO2",210,1998,12.9,0
3,"CO2",210,1999,12.9,0
3,"CO2",210,2000,12.9,0
3,"CO2",211,1998,19.3,0
3,"CO2",211,1999,19.3,0
3,"CO2",211,2000,19.3,2
3,"CO2",212,1998,15.3,0
3,"CO2",212,1999,15.3,0
3,"CO2",212,2000,15.3,0
3,"CO2",213,1998,13.6,0
3,"CO2",213,1999,13.6,0
3,"CO2",213,2000,13.6,0
3,"CO2",214,1998,15.4,0
3,"CO2",214,1999,15.4,0
3,"CO2",214,2000,15.4,0
3,"CO2",215,1998,10.6,0
3,"CO2",215,1999,10.6,0
3,"CO2",215,2000,10.6,0
3,"CO2",216,1998,11.3,0
3,"CO2",216,1999,11.3,0
3,"CO2",216,2000,11.3,0
3,"CO2",217,1998,11.8,0
3,"CO2",217,1999,11.8,0
3,"CO2",217,2000,11.8,0
3,"CO2",218,1998,22.2,3
3,"CO2",218,1999,22.2,16
3,"CO2",218,2000,22.2,21
3,"CO2",219,1998,22.2,0
3,"CO2",219,1999,22.2,0
3,"CO2",219,2000,22.2,2
3,"CO2",220,1998,13.1,0
3,"CO2",220,1999,13.1,0
3,"CO2",220,2000,13.1,0
3,"CO2",221,1998,7.4,0
3,"CO2",221,1999,7.4,0
3,"CO2",221,2000,7.4,0
3,"CO2",222,1998,4.5,0
3,"CO2",222,1999,4.5,0
3,"CO2",222,2000,4.5,0
3,"CO2",223,1998,11.7,0
3,"CO2",223,1999,11.7,0
3,"CO2",223,2000,11.7,0
3,"CO2",224,1998,19.5,0
3,"CO2",224,1999,19.5,0
3,"CO2",224,2000,19.5,0
3,"CO2",225,1998,19.9,0
3,"CO2",225,1999,19.9,12
3,"CO2",225,2000,19.9,4
3,"CO2",226,1998,11.6,0
3,"CO2",226,1999,11.6,0
3,"CO2",226,2000,11.6,0
3,"CO2",227,1998,13.9,0
3,"CO2",227,1999,13.9,0
3,"CO2",227,2000,13.9,0
3,"CO2",228,1998,15.5,0
3,"CO2",228,1999,15.5,0
3,"CO2",228,2000,15.5,0
3,"CO2",229,1998,11,0
3,"CO2",229,1999,11,0
3,"CO2",229,2000,11,0
3,"CO2",230,1998,18.6,0
3,"CO2",230,1999,18.6,2
3,"CO2",230,2000,18.6,3
3,"CO2",231,1998,17.6,0
3,"CO2",231,1999,17.6,0
3,"CO2",231,2000,17.6,0
3,"CO2",232,1998,12.7,0
3,"CO2",232,1999,12.7,0
3,"CO2",232,2000,12.7,0
3,"CO2",233,1998,20.9,0
3,"CO2",233,1999,20.9,0
3,"CO2",233,2000,20.9,0
3,"CO2",234,1998,18.8,0
3,"CO2",234,1999,18.8,0
3,"CO2",234,2000,18.8,0
3,"CO2",235,1998,22.4,0
3,"CO2",235,1999,22.4,0
3,"CO2",235,2000,22.4,0
3,"CO2",236,1998,21.2,0
3,"CO2",236,1999,21.2,0
3,"CO2",236,2000,21.2,2
3,"CO2",237,1998,18.2,0
3,"CO2",237,1999,18.2,0
3,"CO2",237,2000,18.2,0
3,"CO2",238,1998,15.3,0
3,"CO2",238,1999,15.3,0
3,"CO2",238,2000,15.3,1
3,"CO2",239,1998,13.6,0
3,"CO2",239,1999,13.6,0
3,"CO2",239,2000,13.6,0
3,"CO2",240,1998,7.3,0
3,"CO2",240,1999,7.3,0
3,"CO2",240,2000,7.3,0
3,"CO2",241,1998,17.4,0
3,"CO2",241,1999,17.4,0
3,"CO2",241,2000,17.4,0
3,"CO2",242,1998,17.4,0
3,"CO2",242,1999,17.4,0
3,"CO2",242,2000,17.4,0
3,"CO2",243,1998,10.5,0
3,"CO2",243,1999,10.5,0
3,"CO2",243,2000,10.5,0
3,"CO2",244,1998,22.9,0
3,"CO2",244,1999,22.9,5
3,"CO2",244,2000,22.9,0
3,"CO2",245,1998,23.2,0
3,"CO2",245,1999,23.2,0
3,"CO2",245,2000,23.2,0
3,"CO2",246,1998,13.8,0
3,"CO2",246,1999,13.8,0
3,"CO2",246,2000,13.8,0
3,"CO2",247,1998,14.8,0
3,"CO2",247,1999,14.8,0
3,"CO2",247,2000,14.8,0
3,"CO2",248,1998,22.2,0
3,"CO2",248,1999,22.2,0
3,"CO2",248,2000,22.2,0
3,"CO2",249,1998,20.9,0
3,"CO2",249,1999,20.9,0
3,"CO2",249,2000,20.9,0
3,"CO2",250,1998,13,0
3,"CO2",250,1999,13,0
3,"CO2",250,2000,13,0
3,"CO2",251,1998,18.9,0
3,"CO2",251,1999,18.9,0
3,"CO2",251,2000,18.9,0
3,"CO2",252,1998,19,0
3,"CO2",252,1999,19,0
3,"CO2",252,2000,19,1
3,"CO2",253,1998,15.2,0
3,"CO2",253,1999,15.2,0
3,"CO2",253,2000,15.2,0
3,"CO2",254,1998,16.8,0
3,"CO2",254,1999,16.8,2
3,"CO2",254,2000,16.8,1
3,"CO2",255,1998,18,0
3,"CO2",255,1999,18,0
3,"CO2",255,2000,18,0
3,"CO2",256,1998,24.6,0
3,"CO2",256,1999,24.6,37
3,"CO2",256,2000,24.6,29
3,"CO2",257,1998,15.4,0
3,"CO2",257,1999,15.4,0
3,"CO2",257,2000,15.4,0
3,"CO2",258,1998,17.2,0
3,"CO2",258,1999,17.2,0
3,"CO2",258,2000,17.2,0
3,"CO2",259,1998,23.2,0
3,"CO2",259,1999,23.2,0
3,"CO2",259,2000,23.2,0
3,"CO2",260,1998,22.8,0
3,"CO2",260,1999,22.8,0
3,"CO2",260,2000,22.8,4
3,"CO2",261,1998,25.5,0
3,"CO2",261,1999,25.5,2
3,"CO2",261,2000,25.5,0
3,"CO2",262,1998,7.8,0
3,"CO2",262,1999,7.8,0
3,"CO2",262,2000,7.8,0
3,"CO2",263,1998,6,0
3,"CO2",263,1999,6,0
3,"CO2",263,2000,6,0
3,"CO2",264,1998,6.4,0
3,"CO2",264,1999,6.4,0
3,"CO2",264,2000,6.4,0
3,"CO2",265,1998,19,0
3,"CO2",265,1999,19,0
3,"CO2",265,2000,19,0
3,"CO2",266,1998,13.5,0
3,"CO2",266,1999,13.5,0
3,"CO2",266,2000,13.5,0
3,"CO2",267,1998,23.7,0
3,"CO2",267,1999,23.7,0
3,"CO2",267,2000,23.7,4
3,"CO2",268,1998,18,0
3,"CO2",268,1999,18,0
3,"CO2",268,2000,18,0
3,"CO2",269,1998,22.2,0
3,"CO2",269,1999,22.2,2
3,"CO2",269,2000,22.2,12
3,"CO2",270,1998,22.4,0
3,"CO2",270,1999,22.4,19
3,"CO2",270,2000,22.4,27
3,"CO2",271,1998,9.3,0
3,"CO2",271,1999,9.3,0
3,"CO2",271,2000,9.3,0
3,"CO2",272,1998,13.7,0
3,"CO2",272,1999,13.7,0
3,"CO2",272,2000,13.7,0
3,"CO2",273,1998,18.9,0
3,"CO2",273,1999,18.9,0
3,"CO2",273,2000,18.9,0
3,"CO2",274,1998,20.5,0
3,"CO2",274,1999,20.5,0
3,"CO2",274,2000,20.5,5
3,"CO2",275,1998,23.3,0
3,"CO2",275,1999,23.3,7
3,"CO2",275,2000,23.3,0
3,"CO2",276,1998,20.8,0
3,"CO2",276,1999,20.8,9
3,"CO2",276,2000,20.8,31
4,"CO2",277,1998,18.4,0
4,"CO2",277,1999,18.4,0
4,"CO2",277,2000,18.4,0
4,"CO2",278,1998,4.5,0
4,"CO2",278,1999,4.5,0
4,"CO2",278,2000,4.5,0
4,"CO2",279,1998,12.2,0
4,"CO2",279,1999,12.2,0
4,"CO2",279,2000,12.2,0
4,"CO2",280,1998,16.9,0
4,"CO2",280,1999,16.9,23
4,"CO2",280,2000,16.9,20
4,"CO2",281,1998,13.5,0
4,"CO2",281,1999,13.5,0
4,"CO2",281,2000,13.5,0
4,"CO2",282,1998,17.8,0
4,"CO2",282,1999,17.8,0
4,"CO2",282,2000,17.8,0
4,"CO2",283,1998,16.9,0
4,"CO2",283,1999,16.9,0
4,"CO2",283,2000,16.9,0
4,"CO2",284,1998,20.4,0
4,"CO2",284,1999,20.4,0
4,"CO2",284,2000,20.4,0
4,"CO2",285,1998,19.5,0
4,"CO2",285,1999,19.5,0
4,"CO2",285,2000,19.5,10
4,"CO2",286,1998,22.2,2
4,"CO2",286,1999,22.2,20
4,"CO2",286,2000,22.2,32
4,"CO2",287,1998,24.5,0
4,"CO2",287,1999,24.5,7
4,"CO2",287,2000,24.5,30
4,"CO2",288,1998,21.2,2
4,"CO2",288,1999,21.2,0
4,"CO2",288,2000,21.2,2
4,"CO2",289,1998,16.5,0
4,"CO2",289,1999,16.5,0
4,"CO2",289,2000,16.5,0
4,"CO2",290,1998,18,0
4,"CO2",290,1999,18,2
4,"CO2",290,2000,18,3
4,"CO2",291,1998,16.4,0
4,"CO2",291,1999,16.4,0
4,"CO2",291,2000,16.4,0
4,"CO2",292,1998,3.9,0
4,"CO2",292,1999,3.9,0
4,"CO2",292,2000,3.9,0
4,"CO2",293,1998,17.9,0
4,"CO2",293,1999,17.9,0
4,"CO2",293,2000,17.9,0
4,"CO2",294,1998,22,0
4,"CO2",294,1999,22,13
4,"CO2",294,2000,22,15
4,"CO2",295,1998,12.9,0
4,"CO2",295,1999,12.9,0
4,"CO2",295,2000,12.9,0
4,"CO2",296,1998,21,0
4,"CO2",296,1999,21,10
4,"CO2",296,2000,21,12
4,"CO2",297,1998,18,3
4,"CO2",297,1999,18,40
4,"CO2",297,2000,18,35
4,"CO2",298,1998,9.2,0
4,"CO2",298,1999,9.2,2
4,"CO2",298,2000,9.2,0
4,"CO2",299,1998,15.9,0
4,"CO2",299,1999,15.9,3
4,"CO2",299,2000,15.9,9
4,"CO2",300,1998,8.1,0
4,"CO2",300,1999,8.1,0
4,"CO2",300,2000,8.1,0
4,"CO2",301,1998,8.3,0
4,"CO2",301,1999,8.3,0
4,"CO2",301,2000,8.3,0
4,"CO2",302,1998,10.7,0
4,"CO2",302,1999,10.7,0
4,"CO2",302,2000,10.7,0
4,"CO2",303,1998,12,0
4,"CO2",303,1999,12,0
4,"CO2",303,2000,12,0
4,"CO2",304,1998,19.9,0
4,"CO2",304,1999,19.9,11
4,"CO2",304,2000,19.9,20
4,"CO2",305,1998,13.6,0
4,"CO2",305,1999,13.6,0
4,"CO2",305,2000,13.6,0
4,"CO2",306,1998,17.3,0
4,"CO2",306,1999,17.3,4
4,"CO2",306,2000,17.3,2
4,"CO2",307,1998,11.5,0
4,"CO2",307,1999,11.5,2
4,"CO2",307,2000,11.5,0
4,"CO2",308,1998,12.4,0
4,"CO2",308,1999,12.4,0
4,"CO2",308,2000,12.4,0
4,"CO2",309,1998,15.1,0
4,"CO2",309,1999,15.1,0
4,"CO2",309,2000,15.1,0
4,"CO2",310,1998,22,0
4,"CO2",310,1999,22,3
4,"CO2",310,2000,22,9
4,"CO2",311,1998,19.3,0
4,"CO2",311,1999,19.3,0
4,"CO2",311,2000,19.3,0
4,"CO2",312,1998,17.5,1
4,"CO2",312,1999,17.5,2
4,"CO2",312,2000,17.5,0
4,"CO2",313,1998,14.5,0
4,"CO2",313,1999,14.5,0
4,"CO2",313,2000,14.5,0
4,"CO2",314,1998,14.7,0
4,"CO2",314,1999,14.7,0
4,"CO2",314,2000,14.7,0
4,"CO2",315,1998,17.5,0
4,"CO2",315,1999,17.5,0
4,"CO2",315,2000,17.5,0
4,"CO2",316,1998,19.6,0
4,"CO2",316,1999,19.6,0
4,"CO2",316,2000,19.6,2
4,"CO2",317,1998,12.9,0
4,"CO2",317,1999,12.9,0
4,"CO2",317,2000,12.9,0
4,"CO2",318,1998,20.3,0
4,"CO2",318,1999,20.3,0
4,"CO2",318,2000,20.3,0
4,"CO2",319,1998,17.9,0
4,"CO2",319,1999,17.9,4
4,"CO2",319,2000,17.9,2
4,"CO2",320,1998,20.2,0
4,"CO2",320,1999,20.2,34
4,"CO2",320,2000,20.2,0
4,"CO2",321,1998,18.3,0
4,"CO2",321,1999,18.3,0
4,"CO2",321,2000,18.3,0
4,"CO2",322,1998,9.5,0
4,"CO2",322,1999,9.5,0
4,"CO2",322,2000,9.5,0
4,"CO2",323,1998,19,0
4,"CO2",323,1999,19,0
4,"CO2",323,2000,19,3
4,"CO2",324,1998,21,0
4,"CO2",324,1999,21,10
4,"CO2",324,2000,21,9
4,"CO2",325,1998,13.1,0
4,"CO2",325,1999,13.1,1
4,"CO2",325,2000,13.1,0
4,"CO2",326,1998,20.4,0
4,"CO2",326,1999,20.4,2
4,"CO2",326,2000,20.4,3
4,"CO2",327,1998,16.3,0
4,"CO2",327,1999,16.3,2
4,"CO2",327,2000,16.3,3
4,"CO2",328,1998,18.3,1
4,"CO2",328,1999,18.3,4
4,"CO2",328,2000,18.3,0
4,"CO2",329,1998,11.8,0
4,"CO2",329,1999,11.8,2
4,"CO2",329,2000,11.8,0
4,"CO2",330,1998,23.3,1
4,"CO2",330,1999,23.3,0
4,"CO2",330,2000,23.3,0
4,"CO2",331,1998,15.2,0
4,"CO2",331,1999,15.2,0
4,"CO2",331,2000,15.2,2
4,"CO2",332,1998,20,1
4,"CO2",332,1999,20,0
4,"CO2",332,2000,20,0
4,"CO2",333,1998,17.9,0
4,"CO2",333,1999,17.9,0
4,"CO2",333,2000,17.9,0
4,"CO2",334,1998,12,0
4,"CO2",334,1999,12,1
4,"CO2",334,2000,12,0
4,"CO2",335,1998,19.6,0
4,"CO2",335,1999,19.6,1
4,"CO2",335,2000,19.6,2
4,"CO2",336,1998,18.5,0
4,"CO2",336,1999,18.5,0
4,"CO2",336,2000,18.5,0
4,"CO2",337,1998,16.2,0
4,"CO2",337,1999,16.2,0
4,"CO2",337,2000,16.2,0
4,"CO2",338,1998,10.9,0
4,"CO2",338,1999,10.9,0
4,"CO2",338,2000,10.9,3
4,"CO2",339,1998,17.8,0
4,"CO2",339,1999,17.8,0
4,"CO2",339,2000,17.8,2
4,"CO2",340,1998,13.8,0
4,"CO2",340,1999,13.8,0
4,"CO2",340,2000,13.8,0
4,"CO2",341,1998,10,0
4,"CO2",341,1999,10,0
4,"CO2",341,2000,10,0
4,"CO2",342,1998,17.9,0
4,"CO2",342,1999,17.9,8
4,"CO2",342,2000,17.9,19
4,"CO2",343,1998,15.6,0
4,"CO2",343,1999,15.6,4
4,"CO2",343,2000,15.6,1
4,"CO2",344,1998,20.3,0
4,"CO2",344,1999,20.3,2
4,"CO2",344,2000,20.3,0
4,"CO2",345,1998,14.9,0
4,"CO2",345,1999,14.9,2
4,"CO2",345,2000,14.9,0
4,"CO2",346,1998,18.6,0
4,"CO2",346,1999,18.6,0
4,"CO2",346,2000,18.6,2
4,"CO2",347,1998,12.5,0
4,"CO2",347,1999,12.5,0
4,"CO2",347,2000,12.5,0
4,"CO2",348,1998,18.2,0
4,"CO2",348,1999,18.2,4
4,"CO2",348,2000,18.2,5
4,"CO2",349,1998,16,0
4,"CO2",349,1999,16,0
4,"CO2",349,2000,16,0
4,"CO2",350,1998,18.7,0
4,"CO2",350,1999,18.7,0
4,"CO2",350,2000,18.7,0
4,"CO2",351,1998,18,0
4,"CO2",351,1999,18,0
4,"CO2",351,2000,18,0
4,"CO2",352,1998,15.3,0
4,"CO2",352,1999,15.3,4
4,"CO2",352,2000,15.3,0
4,"CO2",353,1998,19,0
4,"CO2",353,1999,19,0
4,"CO2",353,2000,19,0
4,"CO2",354,1998,17.9,0
4,"CO2",354,1999,17.9,0
4,"CO2",354,2000,17.9,0
4,"CO2",355,1998,15.8,0
4,"CO2",355,1999,15.8,0
4,"CO2",355,2000,15.8,0
4,"CO2",356,1998,17.7,0
4,"CO2",356,1999,17.7,0
4,"CO2",356,2000,17.7,0
4,"CO2",357,1998,14.4,0
4,"CO2",357,1999,14.4,0
4,"CO2",357,2000,14.4,0
4,"CO2",358,1998,19.6,0
4,"CO2",358,1999,19.6,4
4,"CO2",358,2000,19.6,8
4,"CO2",359,1998,18.3,0
4,"CO2",359,1999,18.3,13
4,"CO2",359,2000,18.3,25
4,"CO2",360,1998,18.7,0
4,"CO2",360,1999,18.7,13
4,"CO2",360,2000,18.7,10
4,"CO2",361,1998,17.8,0
4,"CO2",361,1999,17.8,3
4,"CO2",361,2000,17.8,4
4,"CO2",362,1998,18,0
4,"CO2",362,1999,18,0
4,"CO2",362,2000,18,8
4,"CO2",363,1998,10.1,0
4,"CO2",363,1999,10.1,0
4,"CO2",363,2000,10.1,0
4,"CO2",364,1998,18.8,0
4,"CO2",364,1999,18.8,0
4,"CO2",364,2000,18.8,0
4,"CO2",365,1998,16.4,0
4,"CO2",365,1999,16.4,2
4,"CO2",365,2000,16.4,3
4,"CO2",366,1998,21.2,0
4,"CO2",366,1999,21.2,3
4,"CO2",366,2000,21.2,9
4,"CO2",367,1998,16.6,0
4,"CO2",367,1999,16.6,0
4,"CO2",367,2000,16.6,0
4,"CO2",368,1998,16.7,0
4,"CO2",368,1999,16.7,0
4,"CO2",368,2000,16.7,0
4,"CO2",369,1998,17.8,0
4,"CO2",369,1999,17.8,4
4,"CO2",369,2000,17.8,14
4,"CO2",370,1998,16.5,0
4,"CO2",370,1999,16.5,5
4,"CO2",370,2000,16.5,0
4,"CO2",371,1998,19.3,0
4,"CO2",371,1999,19.3,9
4,"CO2",371,2000,19.3,0
4,"CO2",372,1998,16.3,0
4,"CO2",372,1999,16.3,2
4,"CO2",372,2000,16.3,14
4,"CO2",373,1998,14.2,0
4,"CO2",373,1999,14.2,0
4,"CO2",373,2000,14.2,2
4,"CO2",374,1998,13,0
4,"CO2",374,1999,13,0
4,"CO2",374,2000,13,0
4,"CO2",375,1998,9.4,0
4,"CO2",375,1999,9.4,0
4,"CO2",375,2000,9.4,0
4,"CO2",376,1998,19.7,0
4,"CO2",376,1999,19.7,1
4,"CO2",376,2000,19.7,2
4,"CO2",377,1998,13.4,0
4,"CO2",377,1999,13.4,0
4,"CO2",377,2000,13.4,0
4,"CO2",378,1998,2.6,0
4,"CO2",378,1999,2.6,0
4,"CO2",378,2000,2.6,0
4,"CO2",379,1998,17.6,0
4,"CO2",379,1999,17.6,0
4,"CO2",379,2000,17.6,0
4,"CO2",380,1998,16.7,0
4,"CO2",380,1999,16.7,0
4,"CO2",380,2000,16.7,0
4,"CO2",381,1998,17.6,0
4,"CO2",381,1999,17.6,6
4,"CO2",381,2000,17.6,14
4,"CO2",382,1998,5.8,0
4,"CO2",382,1999,5.8,0
4,"CO2",382,2000,5.8,0
4,"CO2",383,1998,17.6,0
4,"CO2",383,1999,17.6,7
4,"CO2",383,2000,17.6,7
4,"CO2",384,1998,20.1,0
4,"CO2",384,1999,20.1,38
4,"CO2",384,2000,20.1,35
4,"CO2",385,1998,18.2,0
4,"CO2",385,1999,18.2,5
4,"CO2",385,2000,18.2,0
4,"CO2",386,1998,16.7,0
4,"CO2",386,1999,16.7,0
4,"CO2",386,2000,16.7,0
4,"CO2",387,1998,14,0
4,"CO2",387,1999,14,0
4,"CO2",387,2000,14,0
4,"CO2",388,1998,13.9,0
4,"CO2",388,1999,13.9,0
4,"CO2",388,2000,13.9,4
4,"CO2",389,1998,5.1,0
4,"CO2",389,1999,5.1,0
4,"CO2",389,2000,5.1,0
4,"CO2",390,1998,16.6,0
4,"CO2",390,1999,16.6,0
4,"CO2",390,2000,16.6,2
4,"CO2",391,1998,3.9,0
4,"CO2",391,1999,3.9,0
4,"CO2",391,2000,3.9,0
4,"CO2",392,1998,17.5,0
4,"CO2",392,1999,17.5,12
4,"CO2",392,2000,17.5,10
4,"CO2",393,1998,18,0
4,"CO2",393,1999,18,0
4,"CO2",393,2000,18,0
5,"AMB",394,1998,19.5,0
5,"AMB",394,1999,19.5,0
5,"AMB",394,2000,19.5,0
5,"AMB",395,1998,12.8,0
5,"AMB",395,1999,12.8,0
5,"AMB",395,2000,12.8,0
5,"AMB",396,1998,18.2,0
5,"AMB",396,1999,18.2,0
5,"AMB",396,2000,18.2,0
5,"AMB",397,1998,6,0
5,"AMB",397,1999,6,0
5,"AMB",397,2000,6,0
5,"AMB",398,1998,21.7,0
5,"AMB",398,1999,21.7,0
5,"AMB",398,2000,21.7,0
5,"AMB",399,1998,17,0
5,"AMB",399,1999,17,1
5,"AMB",399,2000,17,0
5,"AMB",400,1998,20.7,0
5,"AMB",400,1999,20.7,0
5,"AMB",400,2000,20.7,3
5,"AMB",401,1998,19.4,0
5,"AMB",401,1999,19.4,1
5,"AMB",401,2000,19.4,3
5,"AMB",402,1998,18.1,0
5,"AMB",402,1999,18.1,0
5,"AMB",402,2000,18.1,7
5,"AMB",403,1998,16.1,0
5,"AMB",403,1999,16.1,0
5,"AMB",403,2000,16.1,0
5,"AMB",404,1998,24.4,0
5,"AMB",404,1999,24.4,3
5,"AMB",404,2000,24.4,2
5,"AMB",405,1998,4.4,0
5,"AMB",405,1999,4.4,0
5,"AMB",405,2000,4.4,0
5,"AMB",406,1998,15.5,0
5,"AMB",406,1999,15.5,0
5,"AMB",406,2000,15.5,0
5,"AMB",407,1998,25.1,0
5,"AMB",407,1999,25.1,0
5,"AMB",407,2000,25.1,2
5,"AMB",408,1998,21.8,0
5,"AMB",408,1999,21.8,0
5,"AMB",408,2000,21.8,0
5,"AMB",409,1998,22.6,0
5,"AMB",409,1999,22.6,0
5,"AMB",409,2000,22.6,0
5,"AMB",410,1998,23.3,1
5,"AMB",410,1999,23.3,15
5,"AMB",410,2000,23.3,31
5,"AMB",411,1998,15.3,0
5,"AMB",411,1999,15.3,0
5,"AMB",411,2000,15.3,0
5,"AMB",412,1998,15.8,0
5,"AMB",412,1999,15.8,0
5,"AMB",412,2000,15.8,0
5,"AMB",413,1998,11.3,0
5,"AMB",413,1999,11.3,0
5,"AMB",413,2000,11.3,0
5,"AMB",414,1998,7.9,0
5,"AMB",414,1999,7.9,0
5,"AMB",414,2000,7.9,0
5,"AMB",415,1998,23.2,0
5,"AMB",415,1999,23.2,0
5,"AMB",415,2000,23.2,0
5,"AMB",416,1998,18.9,0
5,"AMB",416,1999,18.9,0
5,"AMB",416,2000,18.9,0
5,"AMB",417,1998,9.8,0
5,"AMB",417,1999,9.8,0
5,"AMB",417,2000,9.8,0
5,"AMB",418,1998,19,0
5,"AMB",418,1999,19,0
5,"AMB",418,2000,19,8
5,"AMB",419,1998,22.3,0
5,"AMB",419,1999,22.3,0
5,"AMB",419,2000,22.3,0
5,"AMB",420,1998,22.7,0
5,"AMB",420,1999,22.7,0
5,"AMB",420,2000,22.7,0
5,"AMB",421,1998,11.8,0
5,"AMB",421,1999,11.8,0
5,"AMB",421,2000,11.8,0
5,"AMB",422,1998,24.2,0
5,"AMB",422,1999,24.2,0
5,"AMB",422,2000,24.2,2
5,"AMB",423,1998,16.7,0
5,"AMB",423,1999,16.7,0
5,"AMB",423,2000,16.7,0
5,"AMB",424,1998,12.5,0
5,"AMB",424,1999,12.5,0
5,"AMB",424,2000,12.5,0
5,"AMB",425,1998,14.7,0
5,"AMB",425,1999,14.7,0
5,"AMB",425,2000,14.7,0
5,"AMB",426,1998,15.9,0
5,"AMB",426,1999,15.9,0
5,"AMB",426,2000,15.9,0
5,"AMB",427,1998,20.2,0
5,"AMB",427,1999,20.2,0
5,"AMB",427,2000,20.2,2
5,"AMB",428,1998,25.3,0
5,"AMB",428,1999,25.3,0
5,"AMB",428,2000,25.3,0
5,"AMB",429,1998,16.9,0
5,"AMB",429,1999,16.9,0
5,"AMB",429,2000,16.9,0
5,"AMB",430,1998,20.7,0
5,"AMB",430,1999,20.7,0
5,"AMB",430,2000,20.7,0
5,"AMB",431,1998,14.5,0
5,"AMB",431,1999,14.5,0
5,"AMB",431,2000,14.5,0
5,"AMB",432,1998,20.2,0
5,"AMB",432,1999,20.2,0
5,"AMB",432,2000,20.2,0
5,"AMB",433,1998,21.9,0
5,"AMB",433,1999,21.9,0
5,"AMB",433,2000,21.9,0
5,"AMB",434,1998,19.2,0
5,"AMB",434,1999,19.2,0
5,"AMB",434,2000,19.2,0
5,"AMB",435,1998,17.8,0
5,"AMB",435,1999,17.8,1
5,"AMB",435,2000,17.8,6
5,"AMB",436,1998,23.9,0
5,"AMB",436,1999,23.9,0
5,"AMB",436,2000,23.9,0
5,"AMB",437,1998,18.3,0
5,"AMB",437,1999,18.3,0
5,"AMB",437,2000,18.3,0
5,"AMB",438,1998,11.8,0
5,"AMB",438,1999,11.8,0
5,"AMB",438,2000,11.8,0
5,"AMB",439,1998,22.9,0
5,"AMB",439,1999,22.9,0
5,"AMB",439,2000,22.9,4
5,"AMB",440,1998,21.9,0
5,"AMB",440,1999,21.9,0
5,"AMB",440,2000,21.9,0
5,"AMB",441,1998,24.2,1
5,"AMB",441,1999,24.2,0
5,"AMB",441,2000,24.2,0
5,"AMB",442,1998,19.7,0
5,"AMB",442,1999,19.7,0
5,"AMB",442,2000,19.7,3
5,"AMB",443,1998,13.3,0
5,"AMB",443,1999,13.3,0
5,"AMB",443,2000,13.3,0
5,"AMB",444,1998,18.1,0
5,"AMB",444,1999,18.1,0
5,"AMB",444,2000,18.1,0
5,"AMB",445,1998,20.8,0
5,"AMB",445,1999,20.8,6
5,"AMB",445,2000,20.8,0
5,"AMB",446,1998,14.1,0
5,"AMB",446,1999,14.1,0
5,"AMB",446,2000,14.1,0
5,"AMB",447,1998,15.3,0
5,"AMB",447,1999,15.3,0
5,"AMB",447,2000,15.3,0
5,"AMB",448,1998,17.9,0
5,"AMB",448,1999,17.9,0
5,"AMB",448,2000,17.9,0
5,"AMB",449,1998,9.3,0
5,"AMB",449,1999,9.3,0
5,"AMB",449,2000,9.3,0
5,"AMB",450,1998,17.5,0
5,"AMB",450,1999,17.5,0
5,"AMB",450,2000,17.5,0
5,"AMB",451,1998,19.4,0
5,"AMB",451,1999,19.4,0
5,"AMB",451,2000,19.4,0
5,"AMB",452,1998,18.2,0
5,"AMB",452,1999,18.2,0
5,"AMB",452,2000,18.2,0
5,"AMB",453,1998,18.8,0
5,"AMB",453,1999,18.8,0
5,"AMB",453,2000,18.8,0
5,"AMB",454,1998,11.3,0
5,"AMB",454,1999,11.3,0
5,"AMB",454,2000,11.3,0
5,"AMB",455,1998,19,0
5,"AMB",455,1999,19,0
5,"AMB",455,2000,19,0
5,"AMB",456,1998,19.9,0
5,"AMB",456,1999,19.9,0
5,"AMB",456,2000,19.9,0
5,"AMB",457,1998,5.6,0
5,"AMB",457,1999,5.6,0
5,"AMB",457,2000,5.6,0
5,"AMB",458,1998,13.4,0
5,"AMB",458,1999,13.4,0
5,"AMB",458,2000,13.4,6
5,"AMB",459,1998,13.2,0
5,"AMB",459,1999,13.2,0
5,"AMB",459,2000,13.2,0
5,"AMB",460,1998,14.1,0
5,"AMB",460,1999,14.1,0
5,"AMB",460,2000,14.1,0
5,"AMB",461,1998,6.1,0
5,"AMB",461,1999,6.1,0
5,"AMB",461,2000,6.1,1
5,"AMB",462,1998,12.2,0
5,"AMB",462,1999,12.2,0
5,"AMB",462,2000,12.2,0
5,"AMB",463,1998,16,0
5,"AMB",463,1999,16,0
5,"AMB",463,2000,16,0
5,"AMB",464,1998,17.1,0
5,"AMB",464,1999,17.1,0
5,"AMB",464,2000,17.1,0
5,"AMB",465,1998,16,0
5,"AMB",465,1999,16,0
5,"AMB",465,2000,16,0
5,"AMB",466,1998,21.8,0
5,"AMB",466,1999,21.8,0
5,"AMB",466,2000,21.8,3
5,"AMB",467,1998,14.6,0
5,"AMB",467,1999,14.6,0
5,"AMB",467,2000,14.6,0
5,"AMB",468,1998,19.5,0
5,"AMB",468,1999,19.5,1
5,"AMB",468,2000,19.5,0
5,"AMB",469,1998,20.2,0
5,"AMB",469,1999,20.2,0
5,"AMB",469,2000,20.2,0
5,"AMB",470,1998,24.5,0
5,"AMB",470,1999,24.5,3
5,"AMB",470,2000,24.5,10
5,"AMB",471,1998,18.7,0
5,"AMB",471,1999,18.7,0
5,"AMB",471,2000,18.7,0
5,"AMB",472,1998,18.2,0
5,"AMB",472,1999,18.2,0
5,"AMB",472,2000,18.2,0
5,"AMB",473,1998,24.1,0
5,"AMB",473,1999,24.1,25
5,"AMB",473,2000,24.1,36
5,"AMB",474,1998,22.2,0
5,"AMB",474,1999,22.2,0
5,"AMB",474,2000,22.2,8
5,"AMB",475,1998,11.9,0
5,"AMB",475,1999,11.9,0
5,"AMB",475,2000,11.9,0
5,"AMB",476,1998,18.2,0
5,"AMB",476,1999,18.2,0
5,"AMB",476,2000,18.2,0
5,"AMB",477,1998,25.8,0
5,"AMB",477,1999,25.8,3
5,"AMB",477,2000,25.8,8
5,"AMB",478,1998,21.5,0
5,"AMB",478,1999,21.5,0
5,"AMB",478,2000,21.5,4
5,"AMB",479,1998,10.6,0
5,"AMB",479,1999,10.6,0
5,"AMB",479,2000,10.6,0
5,"AMB",480,1998,23.1,0
5,"AMB",480,1999,23.1,0
5,"AMB",480,2000,23.1,0
5,"AMB",481,1998,20.7,0
5,"AMB",481,1999,20.7,2
5,"AMB",481,2000,20.7,1
5,"AMB",482,1998,17,0
5,"AMB",482,1999,17,0
5,"AMB",482,2000,17,0
5,"AMB",483,1998,17.5,0
5,"AMB",483,1999,17.5,0
5,"AMB",483,2000,17.5,0
5,"AMB",484,1998,12.7,0
5,"AMB",484,1999,12.7,0
5,"AMB",484,2000,12.7,0
5,"AMB",485,1998,9.4,0
5,"AMB",485,1999,9.4,0
5,"AMB",485,2000,9.4,2
5,"AMB",486,1998,8.9,0
5,"AMB",486,1999,8.9,0
5,"AMB",486,2000,8.9,0
5,"AMB",487,1998,20.6,0
5,"AMB",487,1999,20.6,0
5,"AMB",487,2000,20.6,0
5,"AMB",488,1998,18.3,0
5,"AMB",488,1999,18.3,0
5,"AMB",488,2000,18.3,0
5,"AMB",489,1998,24.4,0
5,"AMB",489,1999,24.4,0
5,"AMB",489,2000,24.4,0
5,"AMB",490,1998,19.7,0
5,"AMB",490,1999,19.7,0
5,"AMB",490,2000,19.7,0
5,"AMB",491,1998,12,0
5,"AMB",491,1999,12,0
5,"AMB",491,2000,12,0
5,"AMB",492,1998,21.3,0
5,"AMB",492,1999,21.3,0
5,"AMB",492,2000,21.3,0
5,"AMB",493,1998,21.2,0
5,"AMB",493,1999,21.2,0
5,"AMB",493,2000,21.2,0
5,"AMB",494,1998,15.1,0
5,"AMB",494,1999,15.1,0
5,"AMB",494,2000,15.1,0
5,"AMB",495,1998,17.8,0
5,"AMB",495,1999,17.8,0
5,"AMB",495,2000,17.8,0
5,"AMB",496,1998,23.7,0
5,"AMB",496,1999,23.7,0
5,"AMB",496,2000,23.7,3
5,"AMB",497,1998,17,0
5,"AMB",497,1999,17,0
5,"AMB",497,2000,17,0
6,"AMB",498,1998,16.6,0
6,"AMB",498,1999,16.6,2
6,"AMB",498,2000,16.6,3
6,"AMB",499,1998,18.3,0
6,"AMB",499,1999,18.3,0
6,"AMB",499,2000,18.3,0
6,"AMB",500,1998,14.4,0
6,"AMB",500,1999,14.4,0
6,"AMB",500,2000,14.4,0
6,"AMB",501,1998,7.1,0
6,"AMB",501,1999,7.1,0
6,"AMB",501,2000,7.1,0
6,"AMB",502,1998,19.1,0
6,"AMB",502,1999,19.1,6
6,"AMB",502,2000,19.1,0
6,"AMB",503,1998,9.5,0
6,"AMB",503,1999,9.5,0
6,"AMB",503,2000,9.5,0
6,"AMB",504,1998,10.4,0
6,"AMB",504,1999,10.4,0
6,"AMB",504,2000,10.4,0
6,"AMB",505,1998,15.4,0
6,"AMB",505,1999,15.4,0
6,"AMB",505,2000,15.4,0
6,"AMB",506,1998,11.5,0
6,"AMB",506,1999,11.5,3
6,"AMB",506,2000,11.5,0
6,"AMB",507,1998,12,0
6,"AMB",507,1999,12,0
6,"AMB",507,2000,12,2
6,"AMB",508,1998,17.5,0
6,"AMB",508,1999,17.5,0
6,"AMB",508,2000,17.5,0
6,"AMB",509,1998,18.1,0
6,"AMB",509,1999,18.1,0
6,"AMB",509,2000,18.1,0
6,"AMB",510,1998,15,0
6,"AMB",510,1999,15,0
6,"AMB",510,2000,15,0
6,"AMB",511,1998,16.2,0
6,"AMB",511,1999,16.2,2
6,"AMB",511,2000,16.2,5
6,"AMB",512,1998,18.3,0
6,"AMB",512,1999,18.3,0
6,"AMB",512,2000,18.3,0
6,"AMB",513,1998,12.9,0
6,"AMB",513,1999,12.9,0
6,"AMB",513,2000,12.9,0
6,"AMB",514,1998,19.7,0
6,"AMB",514,1999,19.7,0
6,"AMB",514,2000,19.7,0
6,"AMB",515,1998,14.8,0
6,"AMB",515,1999,14.8,1
6,"AMB",515,2000,14.8,0
6,"AMB",516,1998,19.9,0
6,"AMB",516,1999,19.9,0
6,"AMB",516,2000,19.9,0
6,"AMB",517,1998,20.8,0
6,"AMB",517,1999,20.8,0
6,"AMB",517,2000,20.8,0
6,"AMB",518,1998,9.4,0
6,"AMB",518,1999,9.4,0
6,"AMB",518,2000,9.4,0
6,"AMB",519,1998,15.4,0
6,"AMB",519,1999,15.4,0
6,"AMB",519,2000,15.4,0
6,"AMB",520,1998,18,0
6,"AMB",520,1999,18,2
6,"AMB",520,2000,18,0
6,"AMB",521,1998,6.6,0
6,"AMB",521,1999,6.6,0
6,"AMB",521,2000,6.6,0
6,"AMB",522,1998,13.2,0
6,"AMB",522,1999,13.2,0
6,"AMB",522,2000,13.2,0
6,"AMB",523,1998,14,0
6,"AMB",523,1999,14,0
6,"AMB",523,2000,14,0
6,"AMB",524,1998,14.4,0
6,"AMB",524,1999,14.4,0
6,"AMB",524,2000,14.4,0
6,"AMB",525,1998,18.4,0
6,"AMB",525,1999,18.4,0
6,"AMB",525,2000,18.4,0
6,"AMB",526,1998,12.3,0
6,"AMB",526,1999,12.3,1
6,"AMB",526,2000,12.3,0
6,"AMB",527,1998,19.3,0
6,"AMB",527,1999,19.3,0
6,"AMB",527,2000,19.3,0
6,"AMB",528,1998,14.6,0
6,"AMB",528,1999,14.6,0
6,"AMB",528,2000,14.6,1
6,"AMB",529,1998,15.8,0
6,"AMB",529,1999,15.8,6
6,"AMB",529,2000,15.8,0
6,"AMB",530,1998,17,0
6,"AMB",530,1999,17,0
6,"AMB",530,2000,17,0
6,"AMB",531,1998,13.1,0
6,"AMB",531,1999,13.1,0
6,"AMB",531,2000,13.1,0
6,"AMB",532,1998,14,1
6,"AMB",532,1999,14,5
6,"AMB",532,2000,14,3
6,"AMB",533,1998,16.6,0
6,"AMB",533,1999,16.6,0
6,"AMB",533,2000,16.6,0
6,"AMB",534,1998,17.6,0
6,"AMB",534,1999,17.6,0
6,"AMB",534,2000,17.6,0
6,"AMB",535,1998,13.9,0
6,"AMB",535,1999,13.9,0
6,"AMB",535,2000,13.9,0
6,"AMB",536,1998,14.3,0
6,"AMB",536,1999,14.3,0
6,"AMB",536,2000,14.3,0
6,"AMB",537,1998,14.3,0
6,"AMB",537,1999,14.3,1
6,"AMB",537,2000,14.3,0
6,"AMB",538,1998,14.8,0
6,"AMB",538,1999,14.8,0
6,"AMB",538,2000,14.8,0
6,"AMB",539,1998,7,0
6,"AMB",539,1999,7,3
6,"AMB",539,2000,7,3
6,"AMB",540,1998,13.3,0
6,"AMB",540,1999,13.3,0
6,"AMB",540,2000,13.3,0
6,"AMB",541,1998,18.1,0
6,"AMB",541,1999,18.1,0
6,"AMB",541,2000,18.1,0
6,"AMB",542,1998,19.8,0
6,"AMB",542,1999,19.8,8
6,"AMB",542,2000,19.8,0
6,"AMB",543,1998,7,0
6,"AMB",543,1999,7,0
6,"AMB",543,2000,7,0
6,"AMB",544,1998,14.7,0
6,"AMB",544,1999,14.7,0
6,"AMB",544,2000,14.7,0
6,"AMB",545,1998,7.7,0
6,"AMB",545,1999,7.7,0
6,"AMB",545,2000,7.7,0
6,"AMB",546,1998,21.9,0
6,"AMB",546,1999,21.9,0
6,"AMB",546,2000,21.9,2
6,"AMB",547,1998,15.5,0
6,"AMB",547,1999,15.5,0
6,"AMB",547,2000,15.5,0
6,"AMB",548,1998,18.6,0
6,"AMB",548,1999,18.6,0
6,"AMB",548,2000,18.6,0
6,"AMB",549,1998,18.7,0
6,"AMB",549,1999,18.7,0
6,"AMB",549,2000,18.7,0
6,"AMB",550,1998,18.7,0
6,"AMB",550,1999,18.7,4
6,"AMB",550,2000,18.7,5
6,"AMB",551,1998,6.6,0
6,"AMB",551,1999,6.6,0
6,"AMB",551,2000,6.6,0
6,"AMB",552,1998,17.2,0
6,"AMB",552,1999,17.2,12
6,"AMB",552,2000,17.2,2
6,"AMB",553,1998,15.6,0
6,"AMB",553,1999,15.6,0
6,"AMB",553,2000,15.6,0
6,"AMB",554,1998,12.7,0
6,"AMB",554,1999,12.7,0
6,"AMB",554,2000,12.7,2
6,"AMB",555,1998,8.7,0
6,"AMB",555,1999,8.7,0
6,"AMB",555,2000,8.7,0
6,"AMB",556,1998,19.8,0
6,"AMB",556,1999,19.8,0
6,"AMB",556,2000,19.8,0
6,"AMB",557,1998,19.1,0
6,"AMB",557,1999,19.1,0
6,"AMB",557,2000,19.1,0
6,"AMB",558,1998,15.9,0
6,"AMB",558,1999,15.9,0
6,"AMB",558,2000,15.9,0
6,"AMB",559,1998,18.1,0
6,"AMB",559,1999,18.1,0
6,"AMB",559,2000,18.1,0
6,"AMB",560,1998,11.7,0
6,"AMB",560,1999,11.7,0
6,"AMB",560,2000,11.7,0
6,"AMB",561,1998,10.5,0
6,"AMB",561,1999,10.5,0
6,"AMB",561,2000,10.5,0
6,"AMB",562,1998,10.7,0
6,"AMB",562,1999,10.7,0
6,"AMB",562,2000,10.7,0
6,"AMB",563,1998,11,0
6,"AMB",563,1999,11,0
6,"AMB",563,2000,11,0
6,"AMB",564,1998,9.5,0
6,"AMB",564,1999,9.5,0
6,"AMB",564,2000,9.5,0
6,"AMB",565,1998,10.3,0
6,"AMB",565,1999,10.3,0
6,"AMB",565,2000,10.3,0
6,"AMB",566,1998,16.7,0
6,"AMB",566,1999,16.7,0
6,"AMB",566,2000,16.7,0
6,"AMB",567,1998,8.4,0
6,"AMB",567,1999,8.4,0
6,"AMB",567,2000,8.4,0
6,"AMB",568,1998,12.6,0
6,"AMB",568,1999,12.6,0
6,"AMB",568,2000,12.6,0
6,"AMB",569,1998,9.7,0
6,"AMB",569,1999,9.7,0
6,"AMB",569,2000,9.7,0
6,"AMB",570,1998,17.7,0
6,"AMB",570,1999,17.7,0
6,"AMB",570,2000,17.7,0
6,"AMB",571,1998,20.8,0
6,"AMB",571,1999,20.8,0
6,"AMB",571,2000,20.8,3
6,"AMB",572,1998,15.9,0
6,"AMB",572,1999,15.9,0
6,"AMB",572,2000,15.9,3
6,"AMB",573,1998,18.5,0
6,"AMB",573,1999,18.5,2
6,"AMB",573,2000,18.5,3
6,"AMB",574,1998,11,0
6,"AMB",574,1999,11,2
6,"AMB",574,2000,11,0
6,"AMB",575,1998,19.3,8
6,"AMB",575,1999,19.3,16
6,"AMB",575,2000,19.3,19
6,"AMB",576,1998,9.9,0
6,"AMB",576,1999,9.9,0
6,"AMB",576,2000,9.9,0
6,"AMB",577,1998,16,0
6,"AMB",577,1999,16,0
6,"AMB",577,2000,16,12
6,"AMB",578,1998,22.1,1
6,"AMB",578,1999,22.1,22
6,"AMB",578,2000,22.1,18
6,"AMB",579,1998,14.7,0
6,"AMB",579,1999,14.7,0
6,"AMB",579,2000,14.7,0
6,"AMB",580,1998,25.7,1
6,"AMB",580,1999,25.7,44
6,"AMB",580,2000,25.7,91
6,"AMB",581,1998,7,0
6,"AMB",581,1999,7,0
6,"AMB",581,2000,7,0
6,"AMB",582,1998,21.9,0
6,"AMB",582,1999,21.9,0
6,"AMB",582,2000,21.9,0
6,"AMB",583,1998,13.5,0
6,"AMB",583,1999,13.5,0
6,"AMB",583,2000,13.5,0
6,"AMB",584,1998,10.2,0
6,"AMB",584,1999,10.2,0
6,"AMB",584,2000,10.2,0
6,"AMB",585,1998,22.2,0
6,"AMB",585,1999,22.2,0
6,"AMB",585,2000,22.2,0
6,"AMB",586,1998,4.1,0
6,"AMB",586,1999,4.1,0
6,"AMB",586,2000,4.1,0
6,"AMB",587,1998,7.3,0
6,"AMB",587,1999,7.3,0
6,"AMB",587,2000,7.3,0
6,"AMB",588,1998,21,0
6,"AMB",588,1999,21,3
6,"AMB",588,2000,21,0
6,"AMB",589,1998,18.8,0
6,"AMB",589,1999,18.8,0
6,"AMB",589,2000,18.8,0
6,"AMB",590,1998,19.9,0
6,"AMB",590,1999,19.9,0
6,"AMB",590,2000,19.9,0
6,"AMB",591,1998,12.1,0
6,"AMB",591,1999,12.1,0
6,"AMB",591,2000,12.1,0
6,"AMB",592,1998,15.5,0
6,"AMB",592,1999,15.5,0
6,"AMB",592,2000,15.5,0
6,"AMB",593,1998,19.3,0
6,"AMB",593,1999,19.3,3
6,"AMB",593,2000,19.3,3
6,"AMB",594,1998,7.8,0
6,"AMB",594,1999,7.8,0
6,"AMB",594,2000,7.8,0
6,"AMB",595,1998,18,0
6,"AMB",595,1999,18,14
6,"AMB",595,2000,18,7
6,"AMB",596,1998,18.5,0
6,"AMB",596,1999,18.5,0
6,"AMB",596,2000,18.5,0
6,"AMB",597,1998,17.9,0
6,"AMB",597,1999,17.9,0
6,"AMB",597,2000,17.9,1
6,"AMB",598,1998,7.5,0
6,"AMB",598,1999,7.5,0
6,"AMB",598,2000,7.5,0
6,"AMB",599,1998,20.6,4
6,"AMB",599,1999,20.6,1
6,"AMB",599,2000,20.6,8
6,"AMB",600,1998,8.3,0
6,"AMB",600,1999,8.3,0
6,"AMB",600,2000,8.3,0
6,"AMB",601,1998,16,0
6,"AMB",601,1999,16,0
6,"AMB",601,2000,16,0
6,"AMB",602,1998,11.2,0
6,"AMB",602,1999,11.2,0
6,"AMB",602,2000,11.2,0
6,"AMB",603,1998,11.7,0
6,"AMB",603,1999,11.7,0
6,"AMB",603,2000,11.7,0
6,"AMB",604,1998,7.3,0
6,"AMB",604,1999,7.3,0
6,"AMB",604,2000,7.3,0
6,"AMB",605,1998,8,0
6,"AMB",605,1999,8,0
6,"AMB",605,2000,8,0
6,"AMB",606,1998,11,0
6,"AMB",606,1999,11,0
6,"AMB",606,2000,11,0
6,"AMB",607,1998,18.9,0
6,"AMB",607,1999,18.9,0
6,"AMB",607,2000,18.9,0
6,"AMB",608,1998,14.7,0
6,"AMB",608,1999,14.7,0
6,"AMB",608,2000,14.7,0
6,"AMB",609,1998,12.7,0
6,"AMB",609,1999,12.7,0
6,"AMB",609,2000,12.7,0
6,"AMB",610,1998,7.2,0
6,"AMB",610,1999,7.2,0
6,"AMB",610,2000,7.2,0
6,"AMB",611,1998,15.6,0
6,"AMB",611,1999,15.6,0
6,"AMB",611,2000,15.6,0
6,"AMB",612,1998,15.5,0
6,"AMB",612,1999,15.5,0
6,"AMB",612,2000,15.5,0
6,"AMB",613,1998,16.2,0
6,"AMB",613,1999,16.2,0
6,"AMB",613,2000,16.2,0
6,"AMB",614,1998,19.1,0
6,"AMB",614,1999,19.1,1
6,"AMB",614,2000,19.1,3
6,"AMB",615,1998,8.7,0
6,"AMB",615,1999,8.7,0
6,"AMB",615,2000,8.7,0
6,"AMB",616,1998,16.4,0
6,"AMB",616,1999,16.4,7
6,"AMB",616,2000,16.4,0
6,"AMB",617,1998,7.9,0
6,"AMB",617,1999,7.9,0
6,"AMB",617,2000,7.9,0
6,"AMB",618,1998,20.1,1
6,"AMB",618,1999,20.1,1
6,"AMB",618,2000,20.1,3
6,"AMB",619,1998,12.9,0
6,"AMB",619,1999,12.9,0
6,"AMB",619,2000,12.9,0
6,"AMB",620,1998,16.4,0
6,"AMB",620,1999,16.4,0
6,"AMB",620,2000,16.4,3
6,"AMB",621,1998,9.1,0
6,"AMB",621,1999,9.1,0
6,"AMB",621,2000,9.1,0
6,"AMB",622,1998,18,0
6,"AMB",622,1999,18,0
6,"AMB",622,2000,18,0
6,"AMB",623,1998,16.2,0
6,"AMB",623,1999,16.2,0
6,"AMB",623,2000,16.2,0
6,"AMB",624,1998,16.5,0
6,"AMB",624,1999,16.5,0
6,"AMB",624,2000,16.5,0
6,"AMB",625,1998,19.9,0
6,"AMB",625,1999,19.9,0
6,"AMB",625,2000,19.9,0
6,"AMB",626,1998,13.1,0
6,"AMB",626,1999,13.1,0
6,"AMB",626,2000,13.1,0
6,"AMB",627,1998,18,0
6,"AMB",627,1999,18,0
6,"AMB",627,2000,18,0
6,"AMB",628,1998,16,0
6,"AMB",628,1999,16,0
6,"AMB",628,2000,16,0
6,"AMB",629,1998,16.5,0
6,"AMB",629,1999,16.5,0
6,"AMB",629,2000,16.5,1
6,"AMB",630,1998,17.9,0
6,"AMB",630,1999,17.9,0
6,"AMB",630,2000,17.9,0
6,"AMB",631,1998,22.7,0
6,"AMB",631,1999,22.7,0
6,"AMB",631,2000,22.7,0
6,"AMB",632,1998,22.9,0
6,"AMB",632,1999,22.9,0
6,"AMB",632,2000,22.9,0
6,"AMB",633,1998,12.2,0
6,"AMB",633,1999,12.2,0
6,"AMB",633,2000,12.2,0
6,"AMB",634,1998,12.4,0
6,"AMB",634,1999,12.4,1
6,"AMB",634,2000,12.4,0
6,"AMB",635,1998,10.1,0
6,"AMB",635,1999,10.1,0
6,"AMB",635,2000,10.1,0
6,"AMB",636,1998,8.5,0
6,"AMB",636,1999,8.5,0
6,"AMB",636,2000,8.5,0
6,"AMB",637,1998,12.4,0
6,"AMB",637,1999,12.4,0
6,"AMB",637,2000,12.4,0
6,"AMB",638,1998,19.5,0
6,"AMB",638,1999,19.5,2
6,"AMB",638,2000,19.5,0
6,"AMB",639,1998,18.4,0
6,"AMB",639,1999,18.4,0
6,"AMB",639,2000,18.4,10
6,"AMB",640,1998,14.4,0
6,"AMB",640,1999,14.4,0
6,"AMB",640,2000,14.4,0
6,"AMB",641,1998,11,0
6,"AMB",641,1999,11,0
6,"AMB",641,2000,11,0
6,"AMB",642,1998,8,0
6,"AMB",642,1999,8,0
6,"AMB",642,2000,8,0
6,"AMB",643,1998,10.6,0
6,"AMB",643,1999,10.6,0
6,"AMB",643,2000,10.6,0
6,"AMB",644,1998,21.2,0
6,"AMB",644,1999,21.2,5
6,"AMB",644,2000,21.2,10
