 id ring tmt  diam  c98 c99 c00 
 1  1 AMB 19.4   0   0   0
 2  1 AMB 14.1   0   0   4
 3  1 AMB 19.4   0   6   0
 4  1 AMB 21.6   0   0   0
 5  1 AMB 10.8   0   0   0
 6  1 AMB 19.8   0   0   0
 7  1 AMB  6.1   0   0   0
 8  1 AMB 15.5   0   0   0
 9  1 AMB 16.1   0   0   0
10  1 AMB  5.8   0   0   0
11  1 AMB  7.3   0   0   0
12  1 AMB 17.3   0   0   0
13  1 AMB  7.7   0   0   0
14  1 AMB 18.6   0   4   2
15  1 AMB  8.0   0   0   0
16  1 AMB 10.8   0   0   0
17  1 AMB 14.0   0   0   2
18  1 AMB 19.0   0   2   8
19  1 AMB  3.4   0   0   0
20  1 AMB 16.3   0   0   0
21  1 AMB 15.6   0   0   0
22  1 AMB  4.4   0   0   0
23  1 AMB 16.5   0   0   3
24  1 AMB 16.2   0   0   8
25  1 AMB 21.6   0   3   1
26  1 AMB 18.8   0   0   0
27  1 AMB 19.1   0   0   3
28  1 AMB 15.5   0   0   0
29  1 AMB  9.3   0   0   0
30  1 AMB  6.0   0   0   0
31  1 AMB 11.7   0   0   0
32  1 AMB 24.3   0  12  15
33  1 AMB 21.5   0  10  12
34  1 AMB  3.5   0   0   0
35  1 AMB  3.0   0   0   0
36  1 AMB 14.2   0   0   0
37  1 AMB 10.2   0   0   0
38  1 AMB 12.2   0   0   0
39  1 AMB  9.3   0   0   0
40  1 AMB 15.4   0   0   0
41  1 AMB 19.8   0   0   0
42  1 AMB 11.3   0   0   0
43  1 AMB 21.4   0   0   0
44  1 AMB 18.9   0   0   0
45  1 AMB 12.7   0   0   0
46  1 AMB 21.1   0   2  15
47  1 AMB 22.3   0   0   0
48  1 AMB 12.7   0   0   0
49  1 AMB  6.7   0   0   0
50  1 AMB 13.1   0   0   0
51  1 AMB 15.3   0   0   0
52  1 AMB 19.5   0   0   4
53  1 AMB 19.40   0   0   0
54  1 AMB 12.60   0   0   0
55  1 AMB 17.70   0   4   0
56  1 AMB 15.80   0   0   0
57  1 AMB 20.30   0   0   0
58  1 AMB  4.30   0   0   0
59  1 AMB  7.60   0   0   0
60  1 AMB  6.50   0   0   0
61  1 AMB 15.70   0   0   0
62  1 AMB 17.10   0   2   0
63  1 AMB 17.50   0   2   0
64  1 AMB 17.90   0   0   2
65  1 AMB  5.20   0   0   0
66  1 AMB 14.80   0   0   0
67  1 AMB 15.50   0   0   0
68  1 AMB  7.70   0   0   0
69  1 AMB 21.90   0   9  20
70  1 AMB  4.80   0   0   0
71  1 AMB  5.60   0   0   0
72  1 AMB 22.30   0   0   0
73  1 AMB 11.50   0   0   0
74  1 AMB 22.30   0   0   2
75  1 AMB 13.20   0   0   0
76  1 AMB 23.80   0  10  14
77  1 AMB  6.50   0   0   0
78  1 AMB 19.40   0   0   5
79  1 AMB 18.50   0   0   0
80  1 AMB 17.30   0   3   0
81  1 AMB 12.60   0   0   0
82  1 AMB  6.20   0   0   0
83  1 AMB 17.20   0   0   0
84  1 AMB 14.10   0   0   0
85  1 AMB 20.50   0   0   0
86  1 AMB  6.40   0   0   0
87  1 AMB 21.20   0   0   1
88  1 AMB 16.50   0   0   0
89  1 AMB 11.20   0   0   0
90  1 AMB 10.40   0   0   0
91  1 AMB 23.10   0   0   1
92  1 AMB 15.30   0   0   0
93  1 AMB 22.20   0   5   0
94  1 AMB 18.70   0   3   2
 95  1 AMB 14.10   0   0   0
 96  1 AMB  3.10   0   0   0
 97  2 CO2 20.90   0  59  43
 98  2 CO2 13.60   0   0   0
 99  2 CO2 15.70   0   0   4
100  2 CO2  6.30   0   0   0
101  2 CO2  2.70   0   0   0
102  2 CO2 25.60   0   9   0
103  2 CO2  4.00   0   0   0
104  2 CO2 20.90   1  14   2
105  2 CO2  7.80   0   0   0
106  2 CO2 27.10   0   0   0
107  2 CO2 25.20   1   6   2
108  2 CO2 19.00   0   0   0
109  2 CO2 17.80   0   0   0
110  2 CO2 22.80   0  26   4
111  2 CO2 12.50   0   2   0
112  2 CO2 21.10   0  21  17
113  2 CO2 22.00   0   0   0
114  2 CO2 22.40   0   1   0
115  2 CO2  5.10   0   0   0
116  2 CO2 16.00   0   0   0
117  2 CO2 20.70   0   0   0
118  2 CO2 15.70   0   0   0
119  2 CO2  5.50   0   0   0
120  2 CO2 18.90   0   0   0
121  2 CO2 22.90   0   1   0
122  2 CO2 15.50   0   0   0
123  2 CO2 18.60   0   0   3
124  2 CO2 19.30   0   0   0
125  2 CO2 14.20   0   4   0
126  2 CO2 12.30   0   0   0
127  2 CO2 11.80   0   2   0
128  2 CO2 26.80   0   0   0
129  2 CO2 17.00   0   0   0
130  2 CO2  5.70   0   0   0
131  2 CO2 12.00   0   0   0
132  2 CO2 19.80   0  29   6
133  2 CO2 19.00   1   2   6
134  2 CO2 23.60   4   0   0
135  2 CO2 19.90   0   0  20
136  2 CO2  8.40   0   0   0
137  2 CO2 22.00   0   4  40
138  2 CO2 18.10   0   0   0
139  2 CO2 21.60   0   8   3
140  2 CO2 17.00   0   0   0
141  2 CO2 12.40   0   0   0
142  2 CO2  2.90   0   0   0
143  2 CO2 22.60   0   1   1
144  2 CO2 20.80   0  14  27
145  2 CO2 18.20   0   0   4
146  2 CO2 14.20   0   0   0
147  2 CO2 17.30   0  11   0
148  2 CO2 14.50   0   0  14
149  2 CO2  8.60   0   0   0
150  2 CO2  9.10   0   0   0
151  2 CO2  2.60   0   0   0
152  2 CO2 19.80   0   2   0
153  2 CO2 20.00   0  20  23
154  2 CO2 22.20   0   5   0
155  2 CO2 10.20   0   0   0
156  2 CO2 12.90   0   0   0
157  2 CO2 20.90   0   1   0
158  2 CO2 21.10   0   6   4
159  2 CO2  7.30   0   0   0
160  2 CO2  5.80   0   0   0
161  2 CO2 23.10   0   1  44
162  2 CO2 17.00   0   7   0
163  2 CO2 21.50   0   4   5
164  2 CO2 10.10   0   0   0
165  2 CO2 18.40   0   0   1
166  2 CO2 22.60   0   0   7
167  2 CO2 21.20   0   0   4
168  3 CO2 21.50   0   0   0
169  3 CO2 22.40   0   1   6
170  3 CO2 17.30   0   0   0
171  3 CO2 16.00   0   0   0
172  3 CO2 25.00   0  25  27
173  3 CO2 22.40   0   0   0
174  3 CO2 23.90   0   0   0
175  3 CO2 23.00   0   0   0
176  3 CO2 21.90   0   0   1
177  3 CO2 19.00   0   3  17
178  3 CO2 28.60   0  30  37
179  3 CO2 16.00   0   0   0
180  3 CO2 22.50   0   1   0
181  3 CO2 23.20   0   1   0
182  3 CO2  8.70   0   0   0
183  3 CO2 23.40   0   0   0
184  3 CO2 15.30   0   0   0
185  3 CO2 25.60   0  16  13
186  3 CO2 19.20   0   6   5
187  3 CO2 17.40   0   0   1
188  3 CO2 23.80   0   6  12
189  3 CO2 20.40   0   0   0
190  3 CO2 19.00   0   4  10
191  3 CO2  3.60   0   0   0
192  3 CO2 23.40   0  11   5
193  3 CO2 19.60   0   0   1
194  3 CO2 17.50   0   0   0
195  3 CO2 16.50   0   0   0
196  3 CO2 22.00   2  30  31
197  3 CO2 19.70   0   0   0
198  3 CO2  7.35   0   0   0
199  3 CO2 18.00   0   0   0
200  3 CO2 17.80   0   0   0
201  3 CO2  9.6   0   0   0
202  3 CO2 15.0   0   0   0
203  3 CO2 12.00   0   0   0
204  3 CO2 17.70   0   0   7
205  3 CO2 21.40   0   0   0
206  3 CO2 17.00   0   0   0
207  3 CO2 22.10   0   0   0
208  3 CO2 18.90   0   0   0
209  3 CO2 15.05   0   0   0
210  3 CO2 12.90   0   0   0
211  3 CO2 19.30   0   0   2
212  3 CO2 15.30   0   0   0
213  3 CO2 13.60   0   0   0
214  3 CO2 15.40   0   0   0
215  3 CO2 10.60   0   0   0
216  3 CO2 11.30   0   0   0
217  3 CO2 11.80   0   0   0
218  3 CO2 22.20   3  16  21
219  3 CO2 22.20   0   0   2
220  3 CO2 13.10   0   0   0
221  3 CO2  7.40   0   0   0
222  3 CO2  4.50   0   0   0
223  3 CO2 11.70   0   0   0
224  3 CO2 19.50   0   0   0
225  3 CO2 19.90   0  12   4
226  3 CO2 11.60   0   0   0
227  3 CO2 13.90   0   0   0
228  3 CO2 15.50   0   0   0
229  3 CO2 11.00   0   0   0
230  3 CO2 18.60   0   2   3
231  3 CO2 17.60   0   0   0
232  3 CO2 12.70   0   0   0
233  3 CO2 20.90   0   0   0
234  3 CO2 18.80   0   0   0
235  3 CO2 22.40   0   0   0
236  3 CO2 21.20   0   0   2
237  3 CO2 18.20   0   0   0
238  3 CO2 15.30   0   0   1
239  3 CO2 13.60   0   0   0
240  3 CO2  7.30   0   0   0
241  3 CO2 17.40   0   0   0
242  3 CO2 17.40   0   0   0
243  3 CO2 10.50   0   0   0
244  3 CO2 22.90   0   5   0
245  3 CO2 23.20   0   0   0
246  3 CO2 13.80   0   0   0
247  3 CO2 14.80   0   0   0
248  3 CO2 22.20   0   0   0
249  3 CO2 20.90   0   0   0
250  3 CO2 13.00   0   0   0
251  3 CO2 18.90   0   0   0
252  3 CO2 19.00   0   0   1
253  3 CO2 15.20   0   0   0
254  3 CO2 16.80   0   2   1
255  3 CO2 18.00   0   0   0
256  3 CO2 24.60   0  37  29
257  3 CO2 15.40   0   0   0
258  3 CO2 17.20   0   0   0
259  3 CO2 23.20   0   0   0
260  3 CO2 22.80   0   0   4
261  3 CO2 25.50   0   2   0
262  3 CO2  7.80   0   0   0
263  3 CO2  6.00   0   0   0
264  3 CO2  6.40   0   0   0
265  3 CO2 19.00   0   0   0
266  3 CO2 13.50   0   0   0
267  3 CO2 23.70   0   0   4
268  3 CO2 18.00   0   0   0
269  3 CO2 22.20   0   2  12
270  3 CO2 22.40   0  19  27
271  3 CO2  9.30   0   0   0
272  3 CO2 13.70   0   0   0
273  3 CO2 18.90   0   0   0
274  3 CO2 20.50   0   0   5
275  3 CO2 23.30   0   7   0
276  3 CO2 20.80   0   9  31
277  4 CO2 18.40   0   0   0
278  4 CO2  4.50   0   0   0
279  4 CO2 12.20   0   0   0
280  4 CO2 16.90   0  23  20
281  4 CO2 13.50   0   0   0
282  4 CO2 17.80   0   0   0
283  4 CO2 16.90   0   0   0
284  4 CO2 20.40   0   0   0
285  4 CO2 19.50   0   0  10
286  4 CO2 22.20   2  20  32
287  4 CO2 24.50   0   7  30
288  4 CO2 21.20   2   0   2
289  4 CO2 16.50   0   0   0
290  4 CO2 18.00   0   2   3
291  4 CO2 16.40   0   0   0
292  4 CO2  3.90   0   0   0
293  4 CO2 17.90   0   0   0
294  4 CO2 22.00   0  13  15
295  4 CO2 12.90   0   0   0
296  4 CO2 21.00   0  10  12
297  4 CO2 18.00   3  40  35
298  4 CO2  9.20   0   2   0
299  4 CO2 15.90   0   3   9
300  4 CO2  8.10   0   0   0
301  4 CO2  8.30   0   0   0
302  4 CO2 10.70   0   0   0
303  4 CO2 12.00   0   0   0
304  4 CO2 19.90   0  11  20
305  4 CO2 13.60   0   0   0
306  4 CO2 17.30   0   4   2
307  4 CO2 11.50   0   2   0
308  4 CO2 12.40   0   0   0
309  4 CO2 15.10   0   0   0
310  4 CO2 22.00   0   3   9
311  4 CO2 19.30   0   0   0
312  4 CO2 17.50   1   2   0
313  4 CO2 14.50   0   0   0
314  4 CO2 14.70   0   0   0
315  4 CO2 17.50   0   0   0
316  4 CO2 19.60   0   0   2
317  4 CO2 12.90   0   0   0
318  4 CO2 20.30   0   0   0
319  4 CO2 17.90   0   4   2
320  4 CO2 20.20   0  34   0
321  4 CO2 18.30   0   0   0
322  4 CO2  9.50   0   0   0
323  4 CO2 19.00   0   0   3
324  4 CO2 21.00   0  10   9
325  4 CO2 13.10   0   1   0
326  4 CO2 20.40   0   2   3
327  4 CO2 16.30   0   2   3
328  4 CO2 18.30   1   4   0
329  4 CO2 11.80   0   2   0
330  4 CO2 23.30   1   0   0
331  4 CO2 15.20   0   0   2
332  4 CO2 20.00   1   0   0
333  4 CO2 17.90   0   0   0
334  4 CO2 12.00   0   1   0
335  4 CO2 19.60   0   1   2
336  4 CO2 18.50   0   0   0
337  4 CO2 16.20   0   0   0
338  4 CO2 10.90   0   0   3
339  4 CO2 17.80   0   0   2
340  4 CO2 13.80   0   0   0
341  4 CO2 10.00   0   0   0
342  4 CO2 17.90   0   8  19
343  4 CO2 15.60   0   4   1
344  4 CO2 20.30   0   2   0
345  4 CO2 14.90   0   2   0
346  4 CO2 18.60   0   0   2
347  4 CO2 12.50   0   0   0
348  4 CO2 18.20   0   4   5
349  4 CO2 16.00   0   0   0
350  4 CO2 18.70   0   0   0
351  4 CO2 18.0   0   0   0
352  4 CO2 15.3   0   4   0
353  4 CO2 19.0   0   0   0
354  4 CO2 17.9   0   0   0
355  4 CO2 15.8   0   0   0
356  4 CO2 17.7   0   0   0
357  4 CO2 14.4   0   0   0
358  4 CO2 19.6   0   4   8
359  4 CO2 18.3   0  13  25
360  4 CO2 18.7   0  13  10
361  4 CO2 17.8   0   3   4
362  4 CO2 18.0   0   0   8
363  4 CO2 10.1   0   0   0
364  4 CO2 18.8   0   0   0
365  4 CO2 16.4   0   2   3
366  4 CO2 21.2   0   3   9
367  4 CO2 16.6   0   0   0
368  4 CO2 16.7   0   0   0
369  4 CO2 17.8   0   4  14
370  4 CO2 16.5   0   5   0
371  4 CO2 19.3   0   9   0
372  4 CO2 16.3   0   2  14
373  4 CO2 14.2   0   0   2
374  4 CO2 13.0   0   0   0
375  4 CO2  9.4   0   0   0
376  4 CO2 19.7   0   1   2
377  4 CO2 13.4   0   0   0
378  4 CO2  2.6   0   0   0
379  4 CO2 17.6   0   0   0
380  4 CO2 16.7   0   0   0
381  4 CO2 17.6   0   6  14
382  4 CO2  5.8   0   0   0
383  4 CO2 17.6   0   7   7
384  4 CO2 20.1   0  38  35
385  4 CO2 18.2   0   5   0
386  4 CO2 16.7   0   0   0
387  4 CO2 14.0   0   0   0
388  4 CO2 13.9   0   0   4
389  4 CO2  5.1   0   0   0
390  4 CO2 16.6   0   0   2
391  4 CO2  3.9   0   0   0
392  4 CO2 17.5   0  12  10
393  4 CO2 18.0   0   0   0
394  5 AMB 19.5   0   0   0
395  5 AMB 12.8   0   0   0
396  5 AMB 18.2   0   0   0
397  5 AMB  6.0   0   0   0
398  5 AMB 21.7   0   0   0
399  5 AMB 17.0   0   1   0
400  5 AMB 20.7   0   0   3
401  5 AMB 19.4   0   1   3
402  5 AMB 18.1   0   0   7
403  5 AMB 16.1   0   0   0
404  5 AMB 24.4   0   3   2
405  5 AMB  4.4   0   0   0
406  5 AMB 15.5   0   0   0
407  5 AMB 25.1   0   0   2
408  5 AMB 21.8   0   0   0
409  5 AMB 22.6   0   0   0
410  5 AMB 23.3   1  15  31
411  5 AMB 15.3   0   0   0
412  5 AMB 15.8   0   0   0
413  5 AMB 11.3   0   0   0
414  5 AMB  7.9   0   0   0
415  5 AMB 23.2   0   0   0
416  5 AMB 18.9   0   0   0
417  5 AMB  9.8   0   0   0
418  5 AMB 19.0   0   0   8
419  5 AMB 22.3   0   0   0
420  5 AMB 22.7   0   0   0
421  5 AMB 11.8   0   0   0
422  5 AMB 24.2   0   0   2
423  5 AMB 16.7   0   0   0
424  5 AMB 12.5   0   0   0
425  5 AMB 14.7   0   0   0
426  5 AMB 15.9   0   0   0
427  5 AMB 20.2   0   0   2
428  5 AMB 25.3   0   0   0
429  5 AMB 16.9   0   0   0
430  5 AMB 20.7   0   0   0
431  5 AMB 14.5   0   0   0
432  5 AMB 20.2   0   0   0
433  5 AMB 21.9   0   0   0
434  5 AMB 19.2   0   0   0
435  5 AMB 17.8   0   1   6
436  5 AMB 23.9   0   0   0
437  5 AMB 18.3   0   0   0
438  5 AMB 11.8   0   0   0
439  5 AMB 22.9   0   0   4
440  5 AMB 21.9   0   0   0
441  5 AMB 24.2   1   0   0
442  5 AMB 19.7   0   0   3
443  5 AMB 13.3   0   0   0
444  5 AMB 18.1   0   0   0
445  5 AMB 20.8   0   6   0
446  5 AMB 14.1   0   0   0
447  5 AMB 15.3   0   0   0
448  5 AMB 17.9   0   0   0
449  5 AMB  9.3   0   0   0
450  5 AMB 17.5   0   0   0
451  5 AMB 19.4   0   0   0
452  5 AMB 18.2   0   0   0
453  5 AMB 18.8   0   0   0
454  5 AMB 11.3   0   0   0
455  5 AMB 19.0   0   0   0
456  5 AMB 19.9   0   0   0
457  5 AMB  5.6   0   0   0
458  5 AMB 13.4   0   0   6
459  5 AMB 13.2   0   0   0
460  5 AMB 14.1   0   0   0
461  5 AMB  6.1   0   0   1
462  5 AMB 12.2   0   0   0
463  5 AMB 16.0   0   0   0
464  5 AMB 17.1   0   0   0
465  5 AMB 16.0   0   0   0
466  5 AMB 21.8   0   0   3
467  5 AMB 14.6   0   0   0
468  5 AMB 19.5   0   1   0
469  5 AMB 20.2   0   0   0
470  5 AMB 24.5   0   3  10
471  5 AMB 18.7   0   0   0
472  5 AMB 18.2   0   0   0
473  5 AMB 24.1   0  25  36
474  5 AMB 22.2   0   0   8
475  5 AMB 11.9   0   0   0
476  5 AMB 18.2   0   0   0
477  5 AMB 25.8   0   3   8
478  5 AMB 21.5   0   0   4
479  5 AMB 10.6   0   0   0
480  5 AMB 23.1   0   0   0
481  5 AMB 20.7   0   2   1
482  5 AMB 17.0   0   0   0
483  5 AMB 17.5   0   0   0
484  5 AMB 12.7   0   0   0
485  5 AMB  9.4   0   0   2
486  5 AMB  8.9   0   0   0
487  5 AMB 20.6   0   0   0
488  5 AMB 18.3   0   0   0
489  5 AMB 24.4   0   0   0
490  5 AMB 19.7   0   0   0
491  5 AMB 12.0   0   0   0
492  5 AMB 21.3   0   0   0
493  5 AMB 21.2   0   0   0
494  5 AMB 15.1   0   0   0
495  5 AMB 17.8   0   0   0
496  5 AMB 23.7   0   0   3
497  5 AMB 17.00   0   0   0
498  6 AMB 16.60   0   2   3
499  6 AMB 18.30   0   0   0
500  6 AMB 14.40   0   0   0
501  6 AMB  7.10   0   0   0
502  6 AMB 19.10   0   6   0
503  6 AMB  9.50   0   0   0
504  6 AMB 10.40   0   0   0
505  6 AMB 15.40   0   0   0
506  6 AMB 11.50   0   3   0
507  6 AMB 12.00   0   0   2
508  6 AMB 17.50   0   0   0
509  6 AMB 18.10   0   0   0
510  6 AMB 15.00   0   0   0
511  6 AMB 16.20   0   2   5
512  6 AMB 18.30   0   0   0
513  6 AMB 12.90   0   0   0
514  6 AMB 19.70   0   0   0
515  6 AMB 14.80   0   1   0
516  6 AMB 19.90   0   0   0
517  6 AMB 20.80   0   0   0
518  6 AMB  9.40   0   0   0
519  6 AMB 15.40   0   0   0
520  6 AMB 18.00   0   2   0
521  6 AMB  6.60   0   0   0
522  6 AMB 13.20   0   0   0
523  6 AMB 14.00   0   0   0
524  6 AMB 14.40   0   0   0
525  6 AMB 18.40   0   0   0
526  6 AMB 12.30   0   1   0
527  6 AMB 19.30   0   0   0
528  6 AMB 14.60   0   0   1
529  6 AMB 15.80   0   6   0
530  6 AMB 17.00   0   0   0
531  6 AMB 13.10   0   0   0
532  6 AMB 14.00   1   5   3
533  6 AMB 16.60   0   0   0
534  6 AMB 17.60   0   0   0
535  6 AMB 13.90   0   0   0
536  6 AMB 14.30   0   0   0
537  6 AMB 14.30   0   1   0
538  6 AMB 14.80   0   0   0
539  6 AMB  7.00   0   3   3
540  6 AMB 13.30   0   0   0
541  6 AMB 18.10   0   0   0
542  6 AMB 19.80   0   8   0
543  6 AMB  7.00   0   0   0
544  6 AMB 14.70   0   0   0
545  6 AMB  7.70   0   0   0
546  6 AMB 21.90   0   0   2
547  6 AMB 15.50   0   0   0
548  6 AMB 18.60   0   0   0
549  6 AMB 18.70   0   0   0
550  6 AMB 18.70   0   4   5
551  6 AMB  6.60   0   0   0
552  6 AMB 17.20   0  12   2
553  6 AMB 15.60   0   0   0
554  6 AMB 12.70   0   0   2
555  6 AMB  8.70   0   0   0
556  6 AMB 19.80   0   0   0
557  6 AMB 19.10   0   0   0
558  6 AMB 15.90   0   0   0
559  6 AMB 18.10   0   0   0
560  6 AMB 11.70   0   0   0
561  6 AMB 10.50   0   0   0
562  6 AMB 10.70   0   0   0
563  6 AMB 11.00   0   0   0
564  6 AMB  9.50   0   0   0
565  6 AMB 10.30   0   0   0
566  6 AMB 16.70   0   0   0
567  6 AMB  8.40   0   0   0
568  6 AMB 12.60   0   0   0
569  6 AMB  9.70   0   0   0
570  6 AMB 17.70   0   0   0
571  6 AMB 20.80   0   0   3
572  6 AMB 15.90   0   0   3
573  6 AMB 18.50   0   2   3
574  6 AMB 11.00   0   2   0
575  6 AMB 19.30   8  16  19
576  6 AMB  9.90   0   0   0
577  6 AMB 16.00   0   0  12
578  6 AMB 22.10   1  22  18
579  6 AMB 14.70   0   0   0
580  6 AMB 25.70   1  44  91
581  6 AMB  7.00   0   0   0
582  6 AMB 21.90   0   0   0
583  6 AMB 13.50   0   0   0
584  6 AMB 10.20   0   0   0
585  6 AMB 22.20   0   0   0
586  6 AMB  4.10   0   0   0
587  6 AMB  7.30   0   0   0
588  6 AMB 21.00   0   3   0
589  6 AMB 18.80   0   0   0
590  6 AMB 19.90   0   0   0
591  6 AMB 12.10   0   0   0
592  6 AMB 15.50   0   0   0
593  6 AMB 19.30   0   3   3
594  6 AMB  7.80   0   0   0
595  6 AMB 18.00   0  14   7
596  6 AMB 18.50   0   0   0
597  6 AMB 17.90   0   0   1
598  6 AMB  7.50   0   0   0
599  6 AMB 20.60   4   1   8
600  6 AMB  8.30   0   0   0
601  6 AMB 16.00   0   0   0
602  6 AMB 11.20   0   0   0
603  6 AMB 11.70   0   0   0
604  6 AMB  7.30   0   0   0
605  6 AMB  8.00   0   0   0
606  6 AMB 11.00   0   0   0
607  6 AMB 18.90   0   0   0
608  6 AMB 14.70   0   0   0
609  6 AMB 12.70   0   0   0
610  6 AMB  7.20   0   0   0
611  6 AMB 15.60   0   0   0
612  6 AMB 15.50   0   0   0
613  6 AMB 16.20   0   0   0
614  6 AMB 19.10   0   1   3
615  6 AMB  8.70   0   0   0
616  6 AMB 16.40   0   7   0
617  6 AMB  7.90   0   0   0
618  6 AMB 20.10   1   1   3
619  6 AMB 12.90   0   0   0
620  6 AMB 16.40   0   0   3
621  6 AMB  9.10   0   0   0
622  6 AMB 18.00   0   0   0
623  6 AMB 16.20   0   0   0
624  6 AMB 16.50   0   0   0
625  6 AMB 19.90   0   0   0
626  6 AMB 13.10   0   0   0
627  6 AMB 18.00   0   0   0
628  6 AMB 16.00   0   0   0
629  6 AMB 16.50   0   0   1
630  6 AMB 17.90   0   0   0
631  6 AMB 22.70   0   0   0
632  6 AMB 22.90   0   0   0
633  6 AMB 12.20   0   0   0
634  6 AMB 12.40   0   1   0
635  6 AMB 10.10   0   0   0
636  6 AMB  8.50   0   0   0
637  6 AMB 12.40   0   0   0
638  6 AMB 19.50   0   2   0
639  6 AMB 18.40   0   0  10
640  6 AMB 14.40   0   0   0
641  6 AMB 11.00   0   0   0
642  6 AMB  8.00   0   0   0
643  6 AMB 10.60   0   0   0
644  6 AMB 21.20   0   5  10
